function [xi,w]=eleventhOrder2DCubPoints()
%%ELEVENTHORDER2DCUBPOINTS Generate eleventh-order cubature points
%               for integration over a 2-dimensional cube with bounds of 
%               (-1,-1), (-1,1), (1,1), and (1,-1).
%
%INPUTS: None
%
%OUTPUTS: xi This is a 2XnumCubPoints set of points for the standard
%            square.
%          w A 1XnumCubPoints set of cubature weights. This sums to the
%            volume of the standard square (4).
%
%This function implements the points given in [1] (28 points).
%
%EXAMPLE:
%We compare a 10th-order moment computed using these cubature points
%to one computed using monomialIntCube (an 11th order moment would have
%just been 0). The results are the same within typical finite precision
%limits.
% [xi,w]=eleventhOrder2DCubPoints();
% alpha=[4;6];
% theMoment=findMomentFromSamp(alpha,xi,w);
% intVal=monomialIntCube(alpha);
% RelErr=(theMoment-intVal)/intVal
%
%REFERENCES:
%[1] F. D. Witherden and P. E. Vincent, "On the identification of symmetric
%    quadrature rules for finite element methods," Computer and Mathematics
%    with Applications, vol. 69, no. 10, pp. 1232-1241, May 2015.
%
%October 2022 David F. Crouse, Naval Research Laboratory, Washington D.C.
%(UNCLASSIFIED) DISTRIBUTION STATEMENT A. Approved for public release.

M=[0.71461782966460591762942382404176367266,                                          0,   0.21740043986871200551566672515052291339;
                                        0,   0.71461782966460591762942382404176367266,   0.21740043986871200551566672515052291339;
-0.71461782966460591762942382404176367266,                                          0,   0.21740043986871200551566672515052291339;
                                        0,  -0.71461782966460591762942382404176367266,   0.21740043986871200551566672515052291339;
 0.27365721017145961383557026431906649027,   0.27365721017145961383557026431906649027,   0.27727410298385108795028691796804462632;
 0.27365721017145961383557026431906649027,  -0.27365721017145961383557026431906649027,   0.27727410298385108795028691796804462632;
-0.27365721017145961383557026431906649027,   0.27365721017145961383557026431906649027,   0.27727410298385108795028691796804462632;
-0.27365721017145961383557026431906649027,  -0.27365721017145961383557026431906649027,   0.27727410298385108795028691796804462632;
 0.63660393221230104405852833198974404207,   0.63660393221230104405852833198974404207,   0.21393363787824810450280500660206134837;
 0.63660393221230104405852833198974404207,  -0.63660393221230104405852833198974404207,   0.21393363787824810450280500660206134837;
-0.63660393221230104405852833198974404207,   0.63660393221230104405852833198974404207,   0.21393363787824810450280500660206134837;
-0.63660393221230104405852833198974404207,  -0.63660393221230104405852833198974404207,   0.21393363787824810450280500660206134837;
 0.95163038878403345881049829363696371918,   0.81556543368963841306389865463928759233,  0.044074569114983092054304271154112061776;
 0.81556543368963841306389865463928759233,   0.95163038878403345881049829363696371918,  0.044074569114983092054304271154112061776;
 0.95163038878403345881049829363696371918,  -0.81556543368963841306389865463928759233,  0.044074569114983092054304271154112061776;
-0.81556543368963841306389865463928759233,   0.95163038878403345881049829363696371918,  0.044074569114983092054304271154112061776;
-0.95163038878403345881049829363696371918,   0.81556543368963841306389865463928759233,  0.044074569114983092054304271154112061776;
 0.81556543368963841306389865463928759233,  -0.95163038878403345881049829363696371918,  0.044074569114983092054304271154112061776;
-0.95163038878403345881049829363696371918,  -0.81556543368963841306389865463928759233,  0.044074569114983092054304271154112061776;
-0.81556543368963841306389865463928759233,  -0.95163038878403345881049829363696371918,  0.044074569114983092054304271154112061776;
 0.34620720004764544118747320724330043979,   0.93556787148759108135480212161830515337,   0.10162134051961130896131640398557349419;
 0.93556787148759108135480212161830515337,   0.34620720004764544118747320724330043979,   0.10162134051961130896131640398557349419;
 0.34620720004764544118747320724330043979,  -0.93556787148759108135480212161830515337,   0.10162134051961130896131640398557349419;
-0.93556787148759108135480212161830515337,   0.34620720004764544118747320724330043979,   0.10162134051961130896131640398557349419;
-0.34620720004764544118747320724330043979,   0.93556787148759108135480212161830515337,   0.10162134051961130896131640398557349419;
 0.93556787148759108135480212161830515337,  -0.34620720004764544118747320724330043979,   0.10162134051961130896131640398557349419;
-0.34620720004764544118747320724330043979,  -0.93556787148759108135480212161830515337,   0.10162134051961130896131640398557349419;
-0.93556787148759108135480212161830515337,  -0.34620720004764544118747320724330043979,   0.10162134051961130896131640398557349419];
w=M(:,3);
xi=M(:,1:2)';

end

%LICENSE:
%
%The source code is in the public domain and not licensed or under
%copyright. The information and software may be used freely by the public.
%As required by 17 U.S.C. 403, third parties producing copyrighted works
%consisting predominantly of the material produced by U.S. government
%agencies must provide notice with such work(s) identifying the U.S.
%Government material incorporated and stating that such material is not
%subject to copyright protection.
%
%Derived works shall not identify themselves in a manner that implies an
%endorsement by or an affiliation with the Naval Research Laboratory.
%
%RECIPIENT BEARS ALL RISK RELATING TO QUALITY AND PERFORMANCE OF THE
%SOFTWARE AND ANY RELATED MATERIALS, AND AGREES TO INDEMNIFY THE NAVAL
%RESEARCH LABORATORY FOR ALL THIRD-PARTY CLAIMS RESULTING FROM THE ACTIONS
%OF RECIPIENT IN THE USE OF THE SOFTWARE.
