function [xi,w]=fifteenthOrder2DCubPoints()
%%FIFTEEENTHORDER2DCUBPOINTS Generate fifteenth-order cubature points
%               for integration over a 2-dimensional cube with bounds of 
%               (-1,-1), (-1,1), (1,1), and (1,-1).
%
%INPUTS: None
%
%OUTPUTS: xi This is a 2XnumCubPoints set of points for the standard
%            square.
%          w A 1XnumCubPoints set of cubature weights. This sums to the
%            volume of the standard square (4).
%
%This function implements the points given in [1] (48 points).
%
%EXAMPLE:
%We compare a 14th-order moment computed using these cubature points
%to one computed using monomialIntCube (a 15th order moment would have just
%been 0). The results are the same within typical finite precision limits.
% [xi,w]=fifteenthOrder2DCubPoints();
% alpha=[8;6];
% theMoment=findMomentFromSamp(alpha,xi,w);
% intVal=monomialIntCube(alpha);
% RelErr=(theMoment-intVal)/intVal
%
%REFERENCES:
%[1] F. D. Witherden and P. E. Vincent, "On the identification of symmetric
%    quadrature rules for finite element methods," Computer and Mathematics
%    with Applications, vol. 69, no. 10, pp. 1232-1241, May 2015.
%
%October 2022 David F. Crouse, Naval Research Laboratory, Washington D.C.
%(UNCLASSIFIED) DISTRIBUTION STATEMENT A. Approved for public release.

M=[0.79809898789700709024555173503596148462,                                           0,    0.11493292726352536781596028932541766228;
                                         0,    0.79809898789700709024555173503596148462,    0.11493292726352536781596028932541766228;
 -0.79809898789700709024555173503596148462,                                           0,    0.11493292726352536781596028932541766228;
                                         0,   -0.79809898789700709024555173503596148462,    0.11493292726352536781596028932541766228;
  0.30385302639845975610268178690962703058,                                           0,    0.18168575896727184957040458577073367484;
                                         0,    0.30385302639845975610268178690962703058,    0.18168575896727184957040458577073367484;
 -0.30385302639845975610268178690962703058,                                           0,    0.18168575896727184957040458577073367484;
                                         0,   -0.30385302639845975610268178690962703058,    0.18168575896727184957040458577073367484;
  0.88242227010688535992041188667767184542,    0.88242227010688535992041188667767184542,   0.041238483788765811839027639617216599853;
  0.88242227010688535992041188667767184542,   -0.88242227010688535992041188667767184542,   0.041238483788765811839027639617216599853;
 -0.88242227010688535992041188667767184542,    0.88242227010688535992041188667767184542,   0.041238483788765811839027639617216599853;
 -0.88242227010688535992041188667767184542,   -0.88242227010688535992041188667767184542,   0.041238483788765811839027639617216599853;
  0.97778979953990269742424689352375866785,    0.97778979953990269742424689352375866785,  0.0059337464858392213147614197893498681047;
  0.97778979953990269742424689352375866785,   -0.97778979953990269742424689352375866785,  0.0059337464858392213147614197893498681047;
 -0.97778979953990269742424689352375866785,    0.97778979953990269742424689352375866785,  0.0059337464858392213147614197893498681047;
 -0.97778979953990269742424689352375866785,   -0.97778979953990269742424689352375866785,  0.0059337464858392213147614197893498681047;
  0.80871213581950356724002823901416977471,    0.56721357339659070317865169083903012406,    0.10114914347743242280761079470300175928;
  0.56721357339659070317865169083903012406,    0.80871213581950356724002823901416977471,    0.10114914347743242280761079470300175928;
  0.80871213581950356724002823901416977471,   -0.56721357339659070317865169083903012406,    0.10114914347743242280761079470300175928;
 -0.56721357339659070317865169083903012406,    0.80871213581950356724002823901416977471,    0.10114914347743242280761079470300175928;
 -0.80871213581950356724002823901416977471,    0.56721357339659070317865169083903012406,    0.10114914347743242280761079470300175928;
  0.56721357339659070317865169083903012406,   -0.80871213581950356724002823901416977471,    0.10114914347743242280761079470300175928;
 -0.80871213581950356724002823901416977471,   -0.56721357339659070317865169083903012406,    0.10114914347743242280761079470300175928;
 -0.56721357339659070317865169083903012406,   -0.80871213581950356724002823901416977471,    0.10114914347743242280761079470300175928;
  0.30465479903705254117098598695333881061,    0.57873619403580651026013939264701051891,    0.14783672163288121847905618360636339726;
  0.57873619403580651026013939264701051891,    0.30465479903705254117098598695333881061,    0.14783672163288121847905618360636339726;
  0.30465479903705254117098598695333881061,   -0.57873619403580651026013939264701051891,    0.14783672163288121847905618360636339726;
 -0.57873619403580651026013939264701051891,    0.30465479903705254117098598695333881061,    0.14783672163288121847905618360636339726;
 -0.30465479903705254117098598695333881061,    0.57873619403580651026013939264701051891,    0.14783672163288121847905618360636339726;
  0.57873619403580651026013939264701051891,   -0.30465479903705254117098598695333881061,    0.14783672163288121847905618360636339726;
 -0.30465479903705254117098598695333881061,   -0.57873619403580651026013939264701051891,    0.14783672163288121847905618360636339726;
 -0.57873619403580651026013939264701051891,   -0.30465479903705254117098598695333881061,    0.14783672163288121847905618360636339726;
   0.9805048437245319615400269877302555585,     0.6974636319909670187938904551822360596,   0.023273194144673214602574891933463059923;
   0.6974636319909670187938904551822360596,     0.9805048437245319615400269877302555585,   0.023273194144673214602574891933463059923;
   0.9805048437245319615400269877302555585,    -0.6974636319909670187938904551822360596,   0.023273194144673214602574891933463059923;
  -0.6974636319909670187938904551822360596,     0.9805048437245319615400269877302555585,   0.023273194144673214602574891933463059923;
  -0.9805048437245319615400269877302555585,     0.6974636319909670187938904551822360596,   0.023273194144673214602574891933463059923;
   0.6974636319909670187938904551822360596,    -0.9805048437245319615400269877302555585,   0.023273194144673214602574891933463059923;
  -0.9805048437245319615400269877302555585,    -0.6974636319909670187938904551822360596,   0.023273194144673214602574891933463059923;
  -0.6974636319909670187938904551822360596,    -0.9805048437245319615400269877302555585,   0.023273194144673214602574891933463059923;
  0.26484415587231617710014274826830856062,    0.95574251980951170852387507604700262081,   0.055845482492312018840681162505812880996;
  0.95574251980951170852387507604700262081,    0.26484415587231617710014274826830856062,   0.055845482492312018840681162505812880996;
  0.26484415587231617710014274826830856062,   -0.95574251980951170852387507604700262081,   0.055845482492312018840681162505812880996;
 -0.95574251980951170852387507604700262081,    0.26484415587231617710014274826830856062,   0.055845482492312018840681162505812880996;
 -0.26484415587231617710014274826830856062,    0.95574251980951170852387507604700262081,   0.055845482492312018840681162505812880996;
  0.95574251980951170852387507604700262081,   -0.26484415587231617710014274826830856062,   0.055845482492312018840681162505812880996;
 -0.26484415587231617710014274826830856062,   -0.95574251980951170852387507604700262081,   0.055845482492312018840681162505812880996;
 -0.95574251980951170852387507604700262081,   -0.26484415587231617710014274826830856062,   0.055845482492312018840681162505812880996];

w=M(:,3);
