function [xi,w]=nineteenthOrder2DCubPoints()
%%NINETEENTHORDER2DCUBPOINTS Generate nineteenth-order cubature points
%               for integration over a 2-dimensional cube with bounds of 
%               (-1,-1), (-1,1), (1,1), and (1,-1).
%
%INPUTS: None
%
%OUTPUTS: xi This is a 2XnumCubPoints set of points for the standard
%            square.
%          w A 1XnumCubPoints set of cubature weights. This sums to the
%            volume of the standard square (4).
%
%This function implements the points given in [1] (72 points).
%
%EXAMPLE:
%We compare an 18th-order moment computed using these cubature points
%to one computed using monomialIntCube (a 19th order moment would have just
%been 0). The results are the same within typical finite precision limits.
% [xi,w]=nineteenthOrder2DCubPoints();
% alpha=[12;6];
% theMoment=findMomentFromSamp(alpha,xi,w);
% intVal=monomialIntCube(alpha);
% RelErr=(theMoment-intVal)/intVal
%
%REFERENCES:
%[1] F. D. Witherden and P. E. Vincent, "On the identification of symmetric
%    quadrature rules for finite element methods," Computer and Mathematics
%    with Applications, vol. 69, no. 10, pp. 1232-1241, May 2015.
%
%October 2022 David F. Crouse, Naval Research Laboratory, Washington D.C.
%(UNCLASSIFIED) DISTRIBUTION STATEMENT A. Approved for public release.

M=[0.71434425957279423719800751930789820023,                                           0,   0.097737364692828748243518350785527543045;
                                         0,    0.71434425957279423719800751930789820023,   0.097737364692828748243518350785527543045;
 -0.71434425957279423719800751930789820023,                                           0,   0.097737364692828748243518350785527543045;
                                         0,   -0.71434425957279423719800751930789820023,   0.097737364692828748243518350785527543045;
  0.26567205212096375634521276949089468244,                                           0,    0.13930761292248224570420924010933858068;
                                         0,    0.26567205212096375634521276949089468244,    0.13930761292248224570420924010933858068;
 -0.26567205212096375634521276949089468244,                                           0,    0.13930761292248224570420924010933858068;
                                         0,   -0.26567205212096375634521276949089468244,    0.13930761292248224570420924010933858068;
   0.9644342692579672514758983345396097952,                                           0,   0.034869583491887910002162414690733291135;
                                         0,     0.9644342692579672514758983345396097952,   0.034869583491887910002162414690733291135;
  -0.9644342692579672514758983345396097952,                                           0,   0.034869583491887910002162414690733291135;
                                         0,    -0.9644342692579672514758983345396097952,   0.034869583491887910002162414690733291135;
  0.80337972946768500184569945317555062404,    0.80337972946768500184569945317555062404,   0.047804547162795794795004833111469267529;
  0.80337972946768500184569945317555062404,   -0.80337972946768500184569945317555062404,   0.047804547162795794795004833111469267529;
 -0.80337972946768500184569945317555062404,    0.80337972946768500184569945317555062404,   0.047804547162795794795004833111469267529;
 -0.80337972946768500184569945317555062404,   -0.80337972946768500184569945317555062404,   0.047804547162795794795004833111469267529;
  0.99216540589713472189744527407633022081,    0.99216540589713472189744527407633022081,  0.0016177151779117608109927450603284034943;
  0.99216540589713472189744527407633022081,   -0.99216540589713472189744527407633022081,  0.0016177151779117608109927450603284034943;
 -0.99216540589713472189744527407633022081,    0.99216540589713472189744527407633022081,  0.0016177151779117608109927450603284034943;
 -0.99216540589713472189744527407633022081,   -0.99216540589713472189744527407633022081,  0.0016177151779117608109927450603284034943;
  0.92944960279960938592453972561789815525,    0.92944960279960938592453972561789815525,   0.017441048034355762464098424359798214084;
  0.92944960279960938592453972561789815525,   -0.92944960279960938592453972561789815525,   0.017441048034355762464098424359798214084;
 -0.92944960279960938592453972561789815525,    0.92944960279960938592453972561789815525,   0.017441048034355762464098424359798214084;
 -0.92944960279960938592453972561789815525,   -0.92944960279960938592453972561789815525,   0.017441048034355762464098424359798214084;
  0.51027825736934335058280520856084337461,    0.26664031459456217566653623598727229551,    0.11772583284005608002278985852480623731;
  0.26664031459456217566653623598727229551,    0.51027825736934335058280520856084337461,    0.11772583284005608002278985852480623731;
  0.51027825736934335058280520856084337461,   -0.26664031459456217566653623598727229551,    0.11772583284005608002278985852480623731;
 -0.26664031459456217566653623598727229551,    0.51027825736934335058280520856084337461,    0.11772583284005608002278985852480623731;
 -0.51027825736934335058280520856084337461,    0.26664031459456217566653623598727229551,    0.11772583284005608002278985852480623731;
  0.26664031459456217566653623598727229551,   -0.51027825736934335058280520856084337461,    0.11772583284005608002278985852480623731;
 -0.51027825736934335058280520856084337461,   -0.26664031459456217566653623598727229551,    0.11772583284005608002278985852480623731;
 -0.26664031459456217566653623598727229551,   -0.51027825736934335058280520856084337461,    0.11772583284005608002278985852480623731;
  0.39073420577524975124346417118562879486,    0.98789293314173530957079377090965768822,   0.016179577611657849789658841248953982496;
  0.98789293314173530957079377090965768822,    0.39073420577524975124346417118562879486,   0.016179577611657849789658841248953982496;
  0.39073420577524975124346417118562879486,   -0.98789293314173530957079377090965768822,   0.016179577611657849789658841248953982496;
 -0.98789293314173530957079377090965768822,    0.39073420577524975124346417118562879486,   0.016179577611657849789658841248953982496;
 -0.39073420577524975124346417118562879486,    0.98789293314173530957079377090965768822,   0.016179577611657849789658841248953982496;
  0.98789293314173530957079377090965768822,   -0.39073420577524975124346417118562879486,   0.016179577611657849789658841248953982496;
 -0.39073420577524975124346417118562879486,   -0.98789293314173530957079377090965768822,   0.016179577611657849789658841248953982496;
 -0.98789293314173530957079377090965768822,   -0.39073420577524975124346417118562879486,   0.016179577611657849789658841248953982496;
  0.71716792130974519606308556126612093997,    0.51249187721609765575479280145710018395,   0.082846618983404893940813472711113790502;
  0.51249187721609765575479280145710018395,    0.71716792130974519606308556126612093997,   0.082846618983404893940813472711113790502;
  0.71716792130974519606308556126612093997,   -0.51249187721609765575479280145710018395,   0.082846618983404893940813472711113790502;
 -0.51249187721609765575479280145710018395,    0.71716792130974519606308556126612093997,   0.082846618983404893940813472711113790502;
 -0.71716792130974519606308556126612093997,    0.51249187721609765575479280145710018395,   0.082846618983404893940813472711113790502;
  0.51249187721609765575479280145710018395,   -0.71716792130974519606308556126612093997,   0.082846618983404893940813472711113790502;
 -0.71716792130974519606308556126612093997,   -0.51249187721609765575479280145710018395,   0.082846618983404893940813472711113790502;
 -0.51249187721609765575479280145710018395,   -0.71716792130974519606308556126612093997,   0.082846618983404893940813472711113790502;
   0.2654400078112959960719970586153501497,    0.86890243415450423858119610210847838329,   0.064989081492596046079059800766815612157;
