function [xi,w]=ninthOrder2DCubPoints()
%%NINTHORDER2DCUBPOINTS Generate ninth-order cubature points
%               for integration over a 2-dimensional cube with bounds of 
%               (-1,-1), (-1,1), (1,1), and (1,-1).
%
%INPUTS: None
%
%OUTPUTS: xi This is a 2XnumCubPoints set of points for the standard
%            square.
%          w A 1XnumCubPoints set of cubature weights. This sums to the
%            volume of the standard square (4).
%
%This function implements the points given in [1] (20 points).
%
%EXAMPLE:
%We compare an 8th-order moment computed using these cubature points
%to one computed using monomialIntCube (a 9th order moment would have just
%been 0). The results are the same within typical finite precision limits.
% [xi,w]=ninthOrder2DCubPoints();
% alpha=[4;4];
% theMoment=findMomentFromSamp(alpha,xi,w);
% intVal=monomialIntCube(alpha);
% RelErr=(theMoment-intVal)/intVal
%
%REFERENCES:
%[1] F. D. Witherden and P. E. Vincent, "On the identification of symmetric
%    quadrature rules for finite element methods," Computer and Mathematics
%    with Applications, vol. 69, no. 10, pp. 1232-1241, May 2015.
%
%October 2022 David F. Crouse, Naval Research Laboratory, Washington D.C.
%(UNCLASSIFIED) DISTRIBUTION STATEMENT A. Approved for public release.

M=[0.48892685697436906957409306022929339497,                                          0,   0.45416396068674902744178724560528503088;
                                        0,   0.48892685697436906957409306022929339497,   0.45416396068674902744178724560528503088;
-0.48892685697436906957409306022929339497,                                          0,   0.45416396068674902744178724560528503088;
                                        0,  -0.48892685697436906957409306022929339497,   0.45416396068674902744178724560528503088;
 0.93965525809683770585757175046316803289,   0.93965525809683770585757175046316803289,  0.042731231865775762580130721539841651755;
 0.93965525809683770585757175046316803289,  -0.93965525809683770585757175046316803289,  0.042731231865775762580130721539841651755;
-0.93965525809683770585757175046316803289,   0.93965525809683770585757175046316803289,  0.042731231865775762580130721539841651755;
-0.93965525809683770585757175046316803289,  -0.93965525809683770585757175046316803289,  0.042731231865775762580130721539841651755;
 0.69088055048634387281488830813840885584,   0.69088055048634387281488830813840885584,   0.21420036092686163194242563430597811641;
 0.69088055048634387281488830813840885584,  -0.69088055048634387281488830813840885584,   0.21420036092686163194242563430597811641;
-0.69088055048634387281488830813840885584,   0.69088055048634387281488830813840885584,   0.21420036092686163194242563430597811641;
-0.69088055048634387281488830813840885584,  -0.69088055048634387281488830813840885584,   0.21420036092686163194242563430597811641;
  0.9186204410567222596554701791427794163,    0.3448720253644035761712304181246973037,   0.14445222326030678901782819927444760048;
  0.3448720253644035761712304181246973037,    0.9186204410567222596554701791427794163,   0.14445222326030678901782819927444760048;
  0.9186204410567222596554701791427794163,   -0.3448720253644035761712304181246973037,   0.14445222326030678901782819927444760048;
 -0.3448720253644035761712304181246973037,    0.9186204410567222596554701791427794163,   0.14445222326030678901782819927444760048;
 -0.9186204410567222596554701791427794163,    0.3448720253644035761712304181246973037,   0.14445222326030678901782819927444760048;
  0.3448720253644035761712304181246973037,   -0.9186204410567222596554701791427794163,   0.14445222326030678901782819927444760048;
 -0.9186204410567222596554701791427794163,   -0.3448720253644035761712304181246973037,   0.14445222326030678901782819927444760048;
 -0.3448720253644035761712304181246973037,   -0.9186204410567222596554701791427794163,   0.14445222326030678901782819927444760048];
w=M(:,3);
xi=M(:,1:2)';

end

%LICENSE:
%
%The source code is in the public domain and not licensed or under
%copyright. The information and software may be used freely by the public.
%As required by 17 U.S.C. 403, third parties producing copyrighted works
%consisting predominantly of the material produced by U.S. government
%agencies must provide notice with such work(s) identifying the U.S.
%Government material incorporated and stating that such material is not
%subject to copyright protection.
%
%Derived works shall not identify themselves in a manner that implies an
%endorsement by or an affiliation with the Naval Research Laboratory.
%
%RECIPIENT BEARS ALL RISK RELATING TO QUALITY AND PERFORMANCE OF THE
%SOFTWARE AND ANY RELATED MATERIALS, AND AGREES TO INDEMNIFY THE NAVAL
%RESEARCH LABORATORY FOR ALL THIRD-PARTY CLAIMS RESULTING FROM THE ACTIONS
%OF RECIPIENT IN THE USE OF THE SOFTWARE.
