function [xi,w]=seventeenthOrder2DCubPoints()
%%SEVENTEENTHORDER2DCUBPOINTS Generate seventeenth-order cubature points
%               for integration over a 2-dimensional cube with bounds of 
%               (-1,-1), (-1,1), (1,1), and (1,-1).
%
%INPUTS: None
%
%OUTPUTS: xi This is a 2XnumCubPoints set of points for the standard
%            square.
%          w A 1XnumCubPoints set of cubature weights. This sums to the
%            volume of the standard square (4).
%
%This function implements the points given in [1] (60 points).
%
%EXAMPLE:
%We compare a 16th-order moment computed using these cubature points
%to one computed using monomialIntCube (a 17th order moment would have just
%been 0). The results are the same within typical finite precision limits.
% [xi,w]=seventeenthOrder2DCubPoints();
% alpha=[10;6];
% theMoment=findMomentFromSamp(alpha,xi,w);
% intVal=monomialIntCube(alpha);
% RelErr=(theMoment-intVal)/intVal
%
%REFERENCES:
%[1] F. D. Witherden and P. E. Vincent, "On the identification of symmetric
%    quadrature rules for finite element methods," Computer and Mathematics
%    with Applications, vol. 69, no. 10, pp. 1232-1241, May 2015.
%
%October 2022 David F. Crouse, Naval Research Laboratory, Washington D.C.
%(UNCLASSIFIED) DISTRIBUTION STATEMENT A. Approved for public release.

M=[0.54504298720914838787010174782667747048,                                           0,    0.13880437768721992480048871346267772478;
                                         0,    0.54504298720914838787010174782667747048,    0.13880437768721992480048871346267772478;
 -0.54504298720914838787010174782667747048,                                           0,    0.13880437768721992480048871346267772478;
                                         0,   -0.54504298720914838787010174782667747048,    0.13880437768721992480048871346267772478;
  0.91749718821915320817120277758673277115,                                           0,   0.065347823807464912859066688973533173055;
                                         0,    0.91749718821915320817120277758673277115,   0.065347823807464912859066688973533173055;
 -0.91749718821915320817120277758673277115,                                           0,   0.065347823807464912859066688973533173055;
                                         0,   -0.91749718821915320817120277758673277115,   0.065347823807464912859066688973533173055;
  0.19255424261404688054827243228978233862,    0.19255424261404688054827243228978233862,    0.14285641962219959571166270516073482911;
  0.19255424261404688054827243228978233862,   -0.19255424261404688054827243228978233862,    0.14285641962219959571166270516073482911;
 -0.19255424261404688054827243228978233862,    0.19255424261404688054827243228978233862,    0.14285641962219959571166270516073482911;
 -0.19255424261404688054827243228978233862,   -0.19255424261404688054827243228978233862,    0.14285641962219959571166270516073482911;
  0.87132868469544327271341598059215273696,    0.87132868469544327271341598059215273696,   0.036715908485251512466108823252963750875;
  0.87132868469544327271341598059215273696,   -0.87132868469544327271341598059215273696,   0.036715908485251512466108823252963750875;
 -0.87132868469544327271341598059215273696,    0.87132868469544327271341598059215273696,   0.036715908485251512466108823252963750875;
 -0.87132868469544327271341598059215273696,   -0.87132868469544327271341598059215273696,   0.036715908485251512466108823252963750875;
   0.6943880900895507516564691872484594143,     0.6943880900895507516564691872484594143,   0.086255699638143804540935141271187587589;
   0.6943880900895507516564691872484594143,    -0.6943880900895507516564691872484594143,   0.086255699638143804540935141271187587589;
  -0.6943880900895507516564691872484594143,     0.6943880900895507516564691872484594143,   0.086255699638143804540935141271187587589;
  -0.6943880900895507516564691872484594143,    -0.6943880900895507516564691872484594143,   0.086255699638143804540935141271187587589;
  0.45768299288315551760664997201644894176,    0.45768299288315551760664997201644894176,    0.13455627321191692494394965878086112148;
  0.45768299288315551760664997201644894176,   -0.45768299288315551760664997201644894176,    0.13455627321191692494394965878086112148;
 -0.45768299288315551760664997201644894176,    0.45768299288315551760664997201644894176,    0.13455627321191692494394965878086112148;
 -0.45768299288315551760664997201644894176,   -0.45768299288315551760664997201644894176,    0.13455627321191692494394965878086112148;
  0.96920425609150873396809064886215595774,    0.96920425609150873396809064886215595774,  0.0076556334149099368494439596667976876552;
  0.96920425609150873396809064886215595774,   -0.96920425609150873396809064886215595774,  0.0076556334149099368494439596667976876552;
 -0.96920425609150873396809064886215595774,    0.96920425609150873396809064886215595774,  0.0076556334149099368494439596667976876552;
 -0.96920425609150873396809064886215595774,   -0.96920425609150873396809064886215595774,  0.0076556334149099368494439596667976876552;
  0.76208827608019827579179765943659247047,    0.27947776671519215001028373596083402351,    0.10317672478493534779017919278157584697;
  0.27947776671519215001028373596083402351,    0.76208827608019827579179765943659247047,    0.10317672478493534779017919278157584697;
  0.76208827608019827579179765943659247047,   -0.27947776671519215001028373596083402351,    0.10317672478493534779017919278157584697;
 -0.27947776671519215001028373596083402351,    0.76208827608019827579179765943659247047,    0.10317672478493534779017919278157584697;
 -0.76208827608019827579179765943659247047,    0.27947776671519215001028373596083402351,    0.10317672478493534779017919278157584697;
  0.27947776671519215001028373596083402351,   -0.76208827608019827579179765943659247047,    0.10317672478493534779017919278157584697;
 -0.76208827608019827579179765943659247047,   -0.27947776671519215001028373596083402351,    0.10317672478493534779017919278157584697;
 -0.27947776671519215001028373596083402351,   -0.76208827608019827579179765943659247047,    0.10317672478493534779017919278157584697;
   0.9073943521982236707040505947884667131,    0.54689867041431010640112807851437665884,   0.054826400237291440916675995759834604896;
  0.54689867041431010640112807851437665884,     0.9073943521982236707040505947884667131,   0.054826400237291440916675995759834604896;
   0.9073943521982236707040505947884667131,   -0.54689867041431010640112807851437665884,   0.054826400237291440916675995759834604896;
 -0.54689867041431010640112807851437665884,     0.9073943521982236707040505947884667131,   0.054826400237291440916675995759834604896;
  -0.9073943521982236707040505947884667131,    0.54689867041431010640112807851437665884,   0.054826400237291440916675995759834604896;
  0.54689867041431010640112807851437665884,    -0.9073943521982236707040505947884667131,   0.054826400237291440916675995759834604896;
  -0.9073943521982236707040505947884667131,   -0.54689867041431010640112807851437665884,   0.054826400237291440916675995759834604896;
 -0.54689867041431010640112807851437665884,    -0.9073943521982236707040505947884667131,   0.054826400237291440916675995759834604896;
  0.76124866643908275965614948240512547767,    0.98378797150154955261318330664974572171,   0.015119810388256861898635715383645346634;
  0.98378797150154955261318330664974572171,    0.76124866643908275965614948240512547767,   0.015119810388256861898635715383645346634;
  0.76124866643908275965614948240512547767,   -0.98378797150154955261318330664974572171,   0.015119810388256861898635715383645346634;
 -0.98378797150154955261318330664974572171,    0.76124866643908275965614948240512547767,   0.015119810388256861898635715383645346634;
 -0.76124866643908275965614948240512547767,    0.98378797150154955261318330664974572171,   0.015119810388256861898635715383645346634;
