function [xi,w]=thirteenthOrder2DCubPoints()
%%THIRTEENTHORDER2DCUBPOINTS Generate thirteenth-order cubature points
%               for integration over a 2-dimensional cube with bounds of 
%               (-1,-1), (-1,1), (1,1), and (1,-1).
%
%INPUTS: None
%
%OUTPUTS: xi This is a 2XnumCubPoints set of points for the standard
%            square.
%          w A 1XnumCubPoints set of cubature weights. This sums to the
%            volume of the standard square (4).
%
%This function implements the points given in [1] (37 points).
%
%EXAMPLE:
%We compare a 12th-order moment computed using these cubature points
%to one computed using monomialIntCube (a 13th order moment would have just
%been 0). The results are the same within typical finite precision limits.
% [xi,w]=thirteenthOrder2DCubPoints();
% alpha=[6;6];
% theMoment=findMomentFromSamp(alpha,xi,w);
% intVal=monomialIntCube(alpha);
% RelErr=(theMoment-intVal)/intVal
%
%REFERENCES:
%[1] F. D. Witherden and P. E. Vincent, "On the identification of symmetric
%    quadrature rules for finite element methods," Computer and Mathematics
%    with Applications, vol. 69, no. 10, pp. 1232-1241, May 2015.
%
%October 2022 David F. Crouse, Naval Research Laboratory, Washington D.C.
%(UNCLASSIFIED) DISTRIBUTION STATEMENT A. Approved for public release.

M=[                                     0,                                          0,   0.29999334435890964324064310267149902525;
 0.98346133261324557127407851401210794962,                                          0,  0.038128625349852737619351565405684462236;
                                        0,   0.98346133261324557127407851401210794962,  0.038128625349852737619351565405684462236;
-0.98346133261324557127407851401210794962,                                          0,  0.038128625349852737619351565405684462236;
                                        0,  -0.98346133261324557127407851401210794962,  0.038128625349852737619351565405684462236;
 0.63986141836710976174616715579576307077,                                          0,   0.18453546896980721238582475319389847126;
                                        0,   0.63986141836710976174616715579576307077,   0.18453546896980721238582475319389847126;
-0.63986141836710976174616715579576307077,                                          0,   0.18453546896980721238582475319389847126;
                                        0,  -0.63986141836710976174616715579576307077,   0.18453546896980721238582475319389847126;
 0.91877848807971140189839438297320428483,   0.91877848807971140189839438297320428483,  0.039507140647452433689267407341729599229;
 0.91877848807971140189839438297320428483,  -0.91877848807971140189839438297320428483,  0.039507140647452433689267407341729599229;
-0.91877848807971140189839438297320428483,   0.91877848807971140189839438297320428483,  0.039507140647452433689267407341729599229;
-0.91877848807971140189839438297320428483,  -0.91877848807971140189839438297320428483,  0.039507140647452433689267407341729599229;
 0.37962850518674385579275417103548349005,   0.37962850518674385579275417103548349005,   0.23139851940068538741918311064046319298;
 0.37962850518674385579275417103548349005,  -0.37962850518674385579275417103548349005,   0.23139851940068538741918311064046319298;
-0.37962850518674385579275417103548349005,   0.37962850518674385579275417103548349005,   0.23139851940068538741918311064046319298;
-0.37962850518674385579275417103548349005,  -0.37962850518674385579275417103548349005,   0.23139851940068538741918311064046319298;
 0.69955421651335111029920603284399340644,   0.69955421651335111029920603284399340644,   0.13724209671300348677866127359579016247;
 0.69955421651335111029920603284399340644,  -0.69955421651335111029920603284399340644,   0.13724209671300348677866127359579016247;
-0.69955421651335111029920603284399340644,   0.69955421651335111029920603284399340644,   0.13724209671300348677866127359579016247;
-0.69955421651335111029920603284399340644,  -0.69955421651335111029920603284399340644,   0.13724209671300348677866127359579016247;
 0.64359737499661812031249815775600267943,   0.97506888390598351993655206803811094573,  0.033519780050381430279388297868080126418;
 0.97506888390598351993655206803811094573,   0.64359737499661812031249815775600267943,  0.033519780050381430279388297868080126418;
 0.64359737499661812031249815775600267943,  -0.97506888390598351993655206803811094573,  0.033519780050381430279388297868080126418;
-0.97506888390598351993655206803811094573,   0.64359737499661812031249815775600267943,  0.033519780050381430279388297868080126418;
-0.64359737499661812031249815775600267943,   0.97506888390598351993655206803811094573,  0.033519780050381430279388297868080126418;
 0.97506888390598351993655206803811094573,  -0.64359737499661812031249815775600267943,  0.033519780050381430279388297868080126418;
-0.64359737499661812031249815775600267943,  -0.97506888390598351993655206803811094573,  0.033519780050381430279388297868080126418;
-0.97506888390598351993655206803811094573,  -0.64359737499661812031249815775600267943,  0.033519780050381430279388297868080126418;
 0.33353988116478310285167199804895857823,   0.86442760926706191157507267741750728791,   0.11357512636435423536938725920919955133;
 0.86442760926706191157507267741750728791,   0.33353988116478310285167199804895857823,   0.11357512636435423536938725920919955133;
 0.33353988116478310285167199804895857823,  -0.86442760926706191157507267741750728791,   0.11357512636435423536938725920919955133;
-0.86442760926706191157507267741750728791,   0.33353988116478310285167199804895857823,   0.11357512636435423536938725920919955133;
-0.33353988116478310285167199804895857823,   0.86442760926706191157507267741750728791,   0.11357512636435423536938725920919955133;
 0.86442760926706191157507267741750728791,  -0.33353988116478310285167199804895857823,   0.11357512636435423536938725920919955133;
-0.33353988116478310285167199804895857823,  -0.86442760926706191157507267741750728791,   0.11357512636435423536938725920919955133;
-0.86442760926706191157507267741750728791,  -0.33353988116478310285167199804895857823,   0.11357512636435423536938725920919955133];
w=M(:,3);
xi=M(:,1:2)';

end

%LICENSE:
%
%The source code is in the public domain and not licensed or under
%copyright. The information and software may be used freely by the public.
%As required by 17 U.S.C. 403, third parties producing copyrighted works
%consisting predominantly of the material produced by U.S. government
%agencies must provide notice with such work(s) identifying the U.S.
%Government material incorporated and stating that such material is not
%subject to copyright protection.
%
%Derived works shall not identify themselves in a manner that implies an
%endorsement by or an affiliation with the Naval Research Laboratory.
%
%RECIPIENT BEARS ALL RISK RELATING TO QUALITY AND PERFORMANCE OF THE
%SOFTWARE AND ANY RELATED MATERIALS, AND AGREES TO INDEMNIFY THE NAVAL
%RESEARCH LABORATORY FOR ALL THIRD-PARTY CLAIMS RESULTING FROM THE ACTIONS
%OF RECIPIENT IN THE USE OF THE SOFTWARE.
