function [xi,w]=nineteenthOrderTriangleCubPoints()
%%NINETEENTHORDERTRIANGLECUBPOINTS Obtain nineteenth-order cubature
%   points for integration over a triangle in 2D. The points and weights
%   are for the triangle with vertices (1,0), (0,1), (0,0), but can be
%   transformed to any triangle using transformSimplexTriPoints.
%
%INPUTS: None
%
%OUTPUTS: xi A 2XnumCubPoints set of points for the standard triangle.
%          w A 1XnumCubPoints set of cubature weights. This sums to the
%            volume of the triangle (1/2).
%
%This function implements the points given in [1] (73 points).
%
%EXAMPLE:
%Given the vertices of the simplex, we compare a nineteenth-order moment
%computed using these cubature points to one computed using
%monomialIntSimplex. The results are the same within typical finite
%precision limits.
% [xi,w]=nineteenthOrderTriangleCubPoints();
% alpha=[10;9];
% theMoment=findMomentFromSamp(alpha,xi,w)
% intVal=monomialIntSimplex(alpha)
%
%REFERENCES:
%[1] F. D. Witherden and P. E. Vincent, "On the identification of symmetric
%    quadrature rules for finite element methods," Computer and Mathematics
%    with Applications, vol. 69, no. 10, pp. 1232-1241, May 2015.
%
%October 2022 David F. Crouse, Naval Research Laboratory, Washington D.C.
%(UNCLASSIFIED) DISTRIBUTION STATEMENT A. Approved for public release.

M=[ -0.33333333333333333333333333333333333333,   -0.33333333333333333333333333333333333333,   0.068938795408024669812026416913714150021;
 -0.89495221929758206597048698795512662293,    0.78990443859516413194097397591025324585,   0.014218513195596261075438194944381222518;
  0.78990443859516413194097397591025324585,   -0.89495221929758206597048698795512662293,   0.014218513195596261075438194944381222518;
 -0.89495221929758206597048698795512662293,   -0.89495221929758206597048698795512662293,   0.014218513195596261075438194944381222518;
-0.014974649917326261006204672820750524368,   -0.97005070016534747798759065435849895126,   0.020643510285888563379375271511299695768;
 -0.97005070016534747798759065435849895126,  -0.014974649917326261006204672820750524368,   0.020643510285888563379375271511299695768;
-0.014974649917326261006204672820750524368,  -0.014974649917326261006204672820750524368,   0.020643510285888563379375271511299695768;
 -0.77710225335395724709458940859057135024,    0.55420450670791449418917881718114270048,   0.030468702186036599162431617970615364518;
  0.55420450670791449418917881718114270048,   -0.77710225335395724709458940859057135024,   0.030468702186036599162431617970615364518;
 -0.77710225335395724709458940859057135024,   -0.77710225335395724709458940859057135024,   0.030468702186036599162431617970615364518;
 -0.08161159792091268505961214209837404408,   -0.83677680415817462988077571580325191184,   0.045967180053483212460620337545594040128;
 -0.83677680415817462988077571580325191184,   -0.08161159792091268505961214209837404408,   0.045967180053483212460620337545594040128;
 -0.08161159792091268505961214209837404408,   -0.08161159792091268505961214209837404408,   0.045967180053483212460620337545594040128;
 -0.19206055489619760678392498292764093084,   -0.61587889020760478643215003414471813831,   0.063075069786309950153050389763287229858;
 -0.61587889020760478643215003414471813831,   -0.19206055489619760678392498292764093084,   0.063075069786309950153050389763287229858;
 -0.19206055489619760678392498292764093084,   -0.19206055489619760678392498292764093084,   0.063075069786309950153050389763287229858;
 -0.64365979043647137831445631799854042799,    0.28731958087294275662891263599708085598,    0.04930382969638170658102716032808733157;
  0.28731958087294275662891263599708085598,   -0.64365979043647137831445631799854042799,    0.04930382969638170658102716032808733157;
 -0.64365979043647137831445631799854042799,   -0.64365979043647137831445631799854042799,    0.04930382969638170658102716032808733157;
 -0.97672107763242110615802660011074523649,    0.95344215526484221231605320022149047297,  0.0035306455528856953194485177898948363749;
  0.95344215526484221231605320022149047297,   -0.97672107763242110615802660011074523649,  0.0035306455528856953194485177898948363749;
 -0.97672107763242110615802660011074523649,   -0.97672107763242110615802660011074523649,  0.0035306455528856953194485177898948363749;
 -0.48967673417278460498250110195791340279,  -0.020646531654430790034997796084173194424,   0.063506038732006153941897444999340725061;
-0.020646531654430790034997796084173194424,   -0.48967673417278460498250110195791340279,   0.063506038732006153941897444999340725061;
 -0.48967673417278460498250110195791340279,   -0.48967673417278460498250110195791340279,   0.063506038732006153941897444999340725061;
 -0.73860464746393519086078211530574473521,     0.6603129288005507482114383730999627094,   0.019390968973710091597859466457133882581;
   0.6603129288005507482114383730999627094,   -0.73860464746393519086078211530574473521,   0.019390968973710091597859466457133882581;
 -0.92170828133661555735065625779421797419,     0.6603129288005507482114383730999627094,   0.019390968973710091597859466457133882581;
   0.6603129288005507482114383730999627094,   -0.92170828133661555735065625779421797419,   0.019390968973710091597859466457133882581;
 -0.92170828133661555735065625779421797419,   -0.73860464746393519086078211530574473521,   0.019390968973710091597859466457133882581;
 -0.73860464746393519086078211530574473521,   -0.92170828133661555735065625779421797419,   0.019390968973710091597859466457133882581;
 -0.37736474038091749444973870042603089225,    0.11873961144060182831770759671302796842,   0.052692643954781466370362997690064596362;
  0.11873961144060182831770759671302796842,   -0.37736474038091749444973870042603089225,   0.052692643954781466370362997690064596362;
 -0.74137487105968433386796889628699707617,    0.11873961144060182831770759671302796842,   0.052692643954781466370362997690064596362;
  0.11873961144060182831770759671302796842,   -0.74137487105968433386796889628699707617,   0.052692643954781466370362997690064596362;
 -0.74137487105968433386796889628699707617,   -0.37736474038091749444973870042603089225,   0.052692643954781466370362997690064596362;
 -0.37736474038091749444973870042603089225,   -0.74137487105968433386796889628699707617,   0.052692643954781466370362997690064596362;
 -0.99586214820679038477978859628118904207,    0.26662658625756826609373531798200113825,   0.006564153103671638511890683462332859992;
  0.26662658625756826609373531798200113825,   -0.99586214820679038477978859628118904207,   0.006564153103671638511890683462332859992;
 -0.27076443805077788131394672170081209618,    0.26662658625756826609373531798200113825,   0.006564153103671638511890683462332859992;
  0.26662658625756826609373531798200113825,   -0.27076443805077788131394672170081209618,   0.006564153103671638511890683462332859992;
 -0.27076443805077788131394672170081209618,   -0.99586214820679038477978859628118904207,   0.006564153103671638511890683462332859992;
 -0.99586214820679038477978859628118904207,   -0.27076443805077788131394672170081209618,   0.006564153103671638511890683462332859992;
 -0.85087941079674664292586974917469643186,    0.40800963993208421976175838156331845374,   0.036215889862424900129305127397133399259;
  0.40800963993208421976175838156331845374,   -0.85087941079674664292586974917469643186,   0.036215889862424900129305127397133399259;
 -0.55713022913533757683588863238862202188,    0.40800963993208421976175838156331845374,   0.036215889862424900129305127397133399259;
  0.40800963993208421976175838156331845374,   -0.55713022913533757683588863238862202188,   0.036215889862424900129305127397133399259;
 -0.55713022913533757683588863238862202188,   -0.85087941079674664292586974917469643186,   0.036215889862424900129305127397133399259;
 -0.85087941079674664292586974917469643186,   -0.55713022913533757683588863238862202188,   0.036215889862424900129305127397133399259;
