function [xi,w]=seventeenthOrderTriangleCubPoints()
%%SEVENTEENTHORDERTRIANGLECUBPOINTS Obtain seventeenth-order cubature
%   points for integration over a triangle in 2D. The points and weights
%   are for the triangle with vertices (1,0), (0,1), (0,0), but can be
%   transformed to any triangle using transformSimplexTriPoints.
%
%INPUTS: None
%
%OUTPUTS: xi A 2XnumCubPoints set of points for the standard triangle.
%          w A 1XnumCubPoints set of cubature weights. This sums to the
%            volume of the triangle (1/2).
%
%This function implements the points given in [1] (60 points).
%
%EXAMPLE:
%Given the vertices of the simplex, we compare a seventeenth-order moment
%computed using these cubature points to one computed using
%monomialIntSimplex. The results are the same within typical finite
%precision limits.
% [xi,w]=seventeenthOrderTriangleCubPoints();
% alpha=[8;9];
% theMoment=findMomentFromSamp(alpha,xi,w)
% intVal=monomialIntSimplex(alpha)
%
%REFERENCES:
%[1] F. D. Witherden and P. E. Vincent, "On the identification of symmetric
%    quadrature rules for finite element methods," Computer and Mathematics
%    with Applications, vol. 69, no. 10, pp. 1232-1241, May 2015.
%
%October 2022 David F. Crouse, Naval Research Laboratory, Washington D.C.
%(UNCLASSIFIED) DISTRIBUTION STATEMENT A. Approved for public release.

M=[-0.16579311127680159678975416725600076679,   -0.66841377744639680642049166548799846641,   0.054621853056204215047557695108059484685;
 -0.66841377744639680642049166548799846641,   -0.16579311127680159678975416725600076679,   0.054621853056204215047557695108059484685;
 -0.16579311127680159678975416725600076679,   -0.16579311127680159678975416725600076679,   0.054621853056204215047557695108059484685;
 -0.97048901667849209319369164139840939816,    0.94097803335698418638738328279681879631,  0.0055477751552752843092249851846592899136;
  0.94097803335698418638738328279681879631,   -0.97048901667849209319369164139840939816,  0.0055477751552752843092249851846592899136;
 -0.97048901667849209319369164139840939816,   -0.97048901667849209319369164139840939816,  0.0055477751552752843092249851846592899136;
-0.068804256762219396208216818306124542516,   -0.86239148647556120758356636338775091497,   0.050038901900994715594115060352765454535;
 -0.86239148647556120758356636338775091497,  -0.068804256762219396208216818306124542516,   0.050038901900994715594115060352765454535;
-0.068804256762219396208216818306124542516,  -0.068804256762219396208216818306124542516,   0.050038901900994715594115060352765454535;
 -0.63928376746725875962831385554123912213,    0.27856753493451751925662771108247824427,   0.052625261176035969912068830347159305457;
  0.27856753493451751925662771108247824427,   -0.63928376746725875962831385554123912213,   0.052625261176035969912068830347159305457;
 -0.63928376746725875962831385554123912213,   -0.63928376746725875962831385554123912213,   0.052625261176035969912068830347159305457;
 -0.86669187304080614048646650320300230601,    0.73338374608161228097293300640600461202,   0.024918001604610884190500085730827367033;
  0.73338374608161228097293300640600461202,   -0.86669187304080614048646650320300230601,   0.024918001604610884190500085730827367033;
 -0.86669187304080614048646650320300230601,   -0.86669187304080614048646650320300230601,   0.024918001604610884190500085730827367033;
 -0.42858699512682674399632424251061595821,   -0.14282600974634651200735151497876808358,   0.075432474305590560032857611935910459517;
 -0.14282600974634651200735151497876808358,   -0.42858699512682674399632424251061595821,   0.075432474305590560032857611935910459517;
 -0.42858699512682674399632424251061595821,   -0.42858699512682674399632424251061595821,   0.075432474305590560032857611935910459517;
 -0.96796471527576140631518537573347042693,     0.6495801403301760488685812163616402457,   0.015956600411859186648565244290131049809;
   0.6495801403301760488685812163616402457,   -0.96796471527576140631518537573347042693,   0.015956600411859186648565244290131049809;
 -0.68161542505441464255339584062816981878,     0.6495801403301760488685812163616402457,   0.015956600411859186648565244290131049809;
   0.6495801403301760488685812163616402457,   -0.68161542505441464255339584062816981878,   0.015956600411859186648565244290131049809;
 -0.68161542505441464255339584062816981878,   -0.96796471527576140631518537573347042693,   0.015956600411859186648565244290131049809;
 -0.96796471527576140631518537573347042693,   -0.68161542505441464255339584062816981878,   0.015956600411859186648565244290131049809;
 -0.38743681650762691692938101229025325485,    0.25273806077290452413744460559562465037,   0.044975545093382132884644311560338005954;
  0.25273806077290452413744460559562465037,   -0.38743681650762691692938101229025325485,   0.044975545093382132884644311560338005954;
 -0.86530124426527760720806359330537139552,    0.25273806077290452413744460559562465037,   0.044975545093382132884644311560338005954;
  0.25273806077290452413744460559562465037,   -0.86530124426527760720806359330537139552,   0.044975545093382132884644311560338005954;
 -0.86530124426527760720806359330537139552,   -0.38743681650762691692938101229025325485,   0.044975545093382132884644311560338005954;
 -0.38743681650762691692938101229025325485,   -0.86530124426527760720806359330537139552,   0.044975545093382132884644311560338005954;
 -0.97354065447982621338596657330178882606,    0.14258973588936810370129822339191719484,   0.020796879911679072927257130756176547979;
  0.14258973588936810370129822339191719484,   -0.97354065447982621338596657330178882606,   0.020796879911679072927257130756176547979;
 -0.16904908140954189031533165009012836878,    0.14258973588936810370129822339191719484,   0.020796879911679072927257130756176547979;
  0.14258973588936810370129822339191719484,   -0.16904908140954189031533165009012836878,   0.020796879911679072927257130756176547979;
 -0.16904908140954189031533165009012836878,   -0.97354065447982621338596657330178882606,   0.020796879911679072927257130756176547979;
 -0.97354065447982621338596657330178882606,   -0.16904908140954189031533165009012836878,   0.020796879911679072927257130756176547979;
 -0.84391531886343515165733825896137376978,    0.50647029187291623779285479822871979869,   0.041115796640909034992011659162843848261;
  0.50647029187291623779285479822871979869,   -0.84391531886343515165733825896137376978,   0.041115796640909034992011659162843848261;
 -0.66255497300948108613551653926734602891,    0.50647029187291623779285479822871979869,   0.041115796640909034992011659162843848261;
  0.50647029187291623779285479822871979869,   -0.66255497300948108613551653926734602891,   0.041115796640909034992011659162843848261;
 -0.66255497300948108613551653926734602891,   -0.84391531886343515165733825896137376978,   0.041115796640909034992011659162843848261;
 -0.84391531886343515165733825896137376978,   -0.66255497300948108613551653926734602891,   0.041115796640909034992011659162843848261;
  -0.9737282583319946100667927211400606547,    0.43014451822128492303184924075272604399,   0.017384429002002383137547850880991473289;
  0.43014451822128492303184924075272604399,    -0.9737282583319946100667927211400606547,   0.017384429002002383137547850880991473289;
 -0.45641625988929031296505651961266538929,    0.43014451822128492303184924075272604399,   0.017384429002002383137547850880991473289;
  0.43014451822128492303184924075272604399,   -0.45641625988929031296505651961266538929,   0.017384429002002383137547850880991473289;
 -0.45641625988929031296505651961266538929,    -0.9737282583319946100667927211400606547,   0.017384429002002383137547850880991473289;
  -0.9737282583319946100667927211400606547,   -0.45641625988929031296505651961266538929,   0.017384429002002383137547850880991473289;
  -0.9768496481936387693039157631967710822,    0.83183870659563391675486447827828667924,  0.0091686968034717336858992147415592016162;
