function [xi,w]=sixteenthOrderTriangleCubPoints()
%%SIXTEENTHORDERTRIANGLECUBPOINTS Obtain sixteenth-order cubature points
%   for integration over a triangle in 2D. The points and weights are for
%   the triangle with vertices (1,0), (0,1), (0,0), but can be transformed
%   to any triangle using transformSimplexTriPoints.
%
%INPUTS: None
%
%OUTPUTS: xi A 2XnumCubPoints set of points for the standard triangle.
%          w A 1XnumCubPoints set of cubature weights. This sums to the
%            volume of the triangle (1/2).
%
%This function implements the points given in [1] (55 points).
%
%EXAMPLE:
%Given the vertices of the simplex, we compare a sixteenth-order moment
%computed using these cubature points to one computed using
%monomialIntSimplex. The results are the same within typical finite
%precision limits.
% [xi,w]=sixteenthOrderTriangleCubPoints();
% alpha=[7;9];
% theMoment=findMomentFromSamp(alpha,xi,w)
% intVal=monomialIntSimplex(alpha)
%
%REFERENCES:
%[1] F. D. Witherden and P. E. Vincent, "On the identification of symmetric
%    quadrature rules for finite element methods," Computer and Mathematics
%    with Applications, vol. 69, no. 10, pp. 1232-1241, May 2015.
%
%October 2022 David F. Crouse, Naval Research Laboratory, Washington D.C.
%(UNCLASSIFIED) DISTRIBUTION STATEMENT A. Approved for public release.

M=[ -0.33333333333333333333333333333333333333,      -0.33333333333333333333333333333333333333,      0.090529132147637585798682804751497905871;
      -0.508019859065716531056564440465839641,      0.016039718131433062113128880931679281991,      0.082185846287397899082859837743846349856;
    0.016039718131433062113128880931679281991,        -0.508019859065716531056564440465839641,      0.082185846287397899082859837743846349856;
      -0.508019859065716531056564440465839641,        -0.508019859065716531056564440465839641,      0.082185846287397899082859837743846349856;
     -0.1688302062291589735580386476319745286,       -0.6623395875416820528839227047360509428,      0.081423666624850718504727604609892231433;
     -0.6623395875416820528839227047360509428,       -0.1688302062291589735580386476319745286,      0.081423666624850718504727604609892231433;
     -0.1688302062291589735580386476319745286,       -0.1688302062291589735580386476319745286,      0.081423666624850718504727604609892231433;
    -0.82928886682659935648935022895726939779,       0.65857773365319871297870045791453879558,      0.029563269380448807960364375206438726749;
     0.65857773365319871297870045791453879558,      -0.82928886682659935648935022895726939779,      0.029563269380448807960364375206438726749;
    -0.82928886682659935648935022895726939779,      -0.82928886682659935648935022895726939779,      0.029563269380448807960364375206438726749;
    -0.67616271161745754624623346597531512883,       0.35232542323491509249246693195063025766,      0.058836819397976195721222704445565411515;
     0.35232542323491509249246693195063025766,      -0.67616271161745754624623346597531512883,      0.058836819397976195721222704445565411515;
    -0.67616271161745754624623346597531512883,      -0.67616271161745754624623346597531512883,      0.058836819397976195721222704445565411515;
-5.3815663675432935238750288859902834282e-109,                                             -1,     0.0088370926243011378507684635783092181714;
                                           -1,  -5.3815663675432935238750288859902834282e-109,     0.0088370926243011378507684635783092181714;
-5.3815663675432935238750288859902834282e-109,  -5.3815663675432935238750288859902834282e-109,     0.0088370926243011378507684635783092181714;
   -0.049438544908115791823484418930976089946,      -0.90112291018376841635303116213804782011,      0.051948666596554316640604583694066880977;
    -0.90112291018376841635303116213804782011,     -0.049438544908115791823484418930976089946,      0.051948666596554316640604583694066880977;
   -0.049438544908115791823484418930976089946,     -0.049438544908115791823484418930976089946,      0.051948666596554316640604583694066880977;
    -0.89048965017059377421655257720683258971,       0.50834012288953561570997807325829055003,      0.037876544928831397939092427613418818028;
     0.50834012288953561570997807325829055003,      -0.89048965017059377421655257720683258971,      0.037876544928831397939092427613418818028;
    -0.61785047271894184149342549605145796032,       0.50834012288953561570997807325829055003,      0.037876544928831397939092427613418818028;
     0.50834012288953561570997807325829055003,      -0.61785047271894184149342549605145796032,      0.037876544928831397939092427613418818028;
    -0.61785047271894184149342549605145796032,      -0.89048965017059377421655257720683258971,      0.037876544928831397939092427613418818028;
    -0.89048965017059377421655257720683258971,      -0.61785047271894184149342549605145796032,      0.037876544928831397939092427613418818028;
    -0.95359314446237258192502291745679921363,       0.93648873606191735836919518841625197884,     0.0033089334296700963847916278962044308229;
     0.93648873606191735836919518841625197884,      -0.95359314446237258192502291745679921363,     0.0033089334296700963847916278962044308229;
    -0.98289559159954477644417227095945276521,       0.93648873606191735836919518841625197884,     0.0033089334296700963847916278962044308229;
     0.93648873606191735836919518841625197884,      -0.98289559159954477644417227095945276521,     0.0033089334296700963847916278962044308229;
    -0.98289559159954477644417227095945276521,      -0.95359314446237258192502291745679921363,     0.0033089334296700963847916278962044308229;
    -0.95359314446237258192502291745679921363,      -0.98289559159954477644417227095945276521,     0.0033089334296700963847916278962044308229;
    -0.96213644343918817003656945894522367429,       0.29860739649089281625925299156381596948,      0.030017203568571612165136964521714949941;
     0.29860739649089281625925299156381596948,      -0.96213644343918817003656945894522367429,      0.030017203568571612165136964521714949941;
     -0.3364709530517046462226835326185922952,       0.29860739649089281625925299156381596948,      0.030017203568571612165136964521714949941;
     0.29860739649089281625925299156381596948,       -0.3364709530517046462226835326185922952,      0.030017203568571612165136964521714949941;
     -0.3364709530517046462226835326185922952,      -0.96213644343918817003656945894522367429,      0.030017203568571612165136964521714949941;
    -0.96213644343918817003656945894522367429,       -0.3364709530517046462226835326185922952,      0.030017203568571612165136964521714949941;
    -0.96193974051260510241812957568503652064,       0.80054740654085925227401383438774365525,      0.015895187866784997621199196218108093516;
     0.80054740654085925227401383438774365525,      -0.96193974051260510241812957568503652064,      0.015895187866784997621199196218108093516;
    -0.83860766602825414985588425870270713461,       0.80054740654085925227401383438774365525,      0.015895187866784997621199196218108093516;
     0.80054740654085925227401383438774365525,      -0.83860766602825414985588425870270713461,      0.015895187866784997621199196218108093516;
    -0.83860766602825414985588425870270713461,      -0.96193974051260510241812957568503652064,      0.015895187866784997621199196218108093516;
    -0.96193974051260510241812957568503652064,      -0.83860766602825414985588425870270713461,      0.015895187866784997621199196218108093516;
    -0.79478761952120380739655029677085645407,       0.17829768112849583758057340125685564327,      0.063967220158740137569628123287866229484;
     0.17829768112849583758057340125685564327,      -0.79478761952120380739655029677085645407,      0.063967220158740137569628123287866229484;
     -0.3835100616072920301840231044859991892,       0.17829768112849583758057340125685564327,      0.063967220158740137569628123287866229484;
