function [xi,w]=ninthOrderTetrahedronCubPoints()
%%NINTHORDERTETRAHEDRONCUBPOINTS Obtain ninth-order cubature points
%   for integration over a tetrahedron in 3D. The points and weights are
%   for the tetrahedron with vertices (1,0,0), (0,1,0), (0,0,1), and
%   (0,0,0), but can be transformed to any tetrahedron using
%   transformSimplexTetrahedronPts.
%
%INPUTS: None
%
%OUTPUTS: xi This is a 3XnumCubPoints set of points for the standard
%            tetrahedron.
%          w A 1XnumCubPoints set of cubature weights. This sums to the
%            volume of the standard tetrahedron (1/6).
%
%This function implements the points given in [1] (59 points).
%
%EXAMPLE:
%Given the vertices of the simplex, we compare a ninth-order moment
%computed using these cubature points to one computed using
%monomialIntSimplex. The results are the same within typical finite
%precision limits.
% [xi,w]=ninthOrderTetrahedronCubPoints();
% alpha=[4;3;2];
% theMoment=findMomentFromSamp(alpha,xi,w);
% intVal=monomialIntSimplex(alpha);
% RelErr=(theMoment-intVal)/intVal
%
%REFERENCES:
%[1] F. D. Witherden and P. E. Vincent, "On the identification of symmetric
%    quadrature rules for finite element methods," Computer and Mathematics
%    with Applications, vol. 69, no. 10, pp. 1232-1241, May 2015.
%
%October 2022 David F. Crouse, Naval Research Laboratory, Washington D.C.
%(UNCLASSIFIED) DISTRIBUTION STATEMENT A. Approved for public release.

M=[                                    -0.5,                                         -0.5,                                         -0.5,     0.07734739854997367644741906257553729918;
  -0.99999999876036601109069831529161985423,    -0.99999999876036601109069831529161985423,      0.9999999962810980332720949458748595627,  8.5759042345675186085903030258742437834e-05;
  -0.99999999876036601109069831529161985423,      0.9999999962810980332720949458748595627,    -0.99999999876036601109069831529161985423,  8.5759042345675186085903030258742437834e-05;
    0.9999999962810980332720949458748595627,    -0.99999999876036601109069831529161985423,    -0.99999999876036601109069831529161985423,  8.5759042345675186085903030258742437834e-05;
  -0.99999999876036601109069831529161985423,    -0.99999999876036601109069831529161985423,    -0.99999999876036601109069831529161985423,  8.5759042345675186085903030258742437834e-05;
  -0.67845092920947681169601712222921603853,    -0.67845092920947681169601712222921603853,    0.035352787628430435088051366687648115583,    0.030897784616567277310532826869162311937;
  -0.67845092920947681169601712222921603853,    0.035352787628430435088051366687648115583,    -0.67845092920947681169601712222921603853,    0.030897784616567277310532826869162311937;
  0.035352787628430435088051366687648115583,    -0.67845092920947681169601712222921603853,    -0.67845092920947681169601712222921603853,    0.030897784616567277310532826869162311937;
  -0.67845092920947681169601712222921603853,    -0.67845092920947681169601712222921603853,    -0.67845092920947681169601712222921603853,    0.030897784616567277310532826869162311937;
  -0.35544695635715805159186380319222134027,    -0.35544695635715805159186380319222134027,    -0.93365913092852584522440859042333597919,    0.039417216447239047523644877985518239107;
  -0.35544695635715805159186380319222134027,    -0.93365913092852584522440859042333597919,    -0.35544695635715805159186380319222134027,    0.039417216447239047523644877985518239107;
  -0.93365913092852584522440859042333597919,    -0.35544695635715805159186380319222134027,    -0.35544695635715805159186380319222134027,    0.039417216447239047523644877985518239107;
  -0.35544695635715805159186380319222134027,    -0.35544695635715805159186380319222134027,    -0.35544695635715805159186380319222134027,    0.039417216447239047523644877985518239107;
  -0.90978216330917283407807385501200614331,    -0.90978216330917283407807385501200614331,     0.72934648992751850223422156503601842994,    0.010751973306154910354337519688619045729;
  -0.90978216330917283407807385501200614331,     0.72934648992751850223422156503601842994,    -0.90978216330917283407807385501200614331,    0.010751973306154910354337519688619045729;
   0.72934648992751850223422156503601842994,    -0.90978216330917283407807385501200614331,    -0.90978216330917283407807385501200614331,    0.010751973306154910354337519688619045729;
  -0.90978216330917283407807385501200614331,    -0.90978216330917283407807385501200614331,    -0.90978216330917283407807385501200614331,    0.010751973306154910354337519688619045729;
  -0.77540690799124790934402070093968875729,    -0.22459309200875209065597929906031124271,    -0.22459309200875209065597929906031124271,     0.05084544013826995406889748131136091475;
  -0.22459309200875209065597929906031124271,    -0.77540690799124790934402070093968875729,    -0.22459309200875209065597929906031124271,     0.05084544013826995406889748131136091475;
  -0.77540690799124790934402070093968875729,    -0.77540690799124790934402070093968875729,    -0.22459309200875209065597929906031124271,     0.05084544013826995406889748131136091475;
  -0.77540690799124790934402070093968875729,    -0.22459309200875209065597929906031124271,    -0.77540690799124790934402070093968875729,     0.05084544013826995406889748131136091475;
  -0.22459309200875209065597929906031124271,    -0.77540690799124790934402070093968875729,    -0.77540690799124790934402070093968875729,     0.05084544013826995406889748131136091475;
  -0.22459309200875209065597929906031124271,    -0.22459309200875209065597929906031124271,    -0.77540690799124790934402070093968875729,     0.05084544013826995406889748131136091475;
    -0.994890841533917338064711949103255315,   -0.082257102495081453456435781598997046246,    -0.84059495347591975502241648769875059251,    0.011179229597731402927583520512290878612;
    -0.994890841533917338064711949103255315,   -0.082257102495081453456435781598997046246,   -0.082257102495081453456435781598997046246,    0.011179229597731402927583520512290878612;
 -0.082257102495081453456435781598997046246,   -0.082257102495081453456435781598997046246,      -0.994890841533917338064711949103255315,    0.011179229597731402927583520512290878612;
  -0.84059495347591975502241648769875059251,      -0.994890841533917338064711949103255315,   -0.082257102495081453456435781598997046246,    0.011179229597731402927583520512290878612;
 -0.082257102495081453456435781598997046246,    -0.84059495347591975502241648769875059251,      -0.994890841533917338064711949103255315,    0.011179229597731402927583520512290878612;
 -0.082257102495081453456435781598997046246,      -0.994890841533917338064711949103255315,   -0.082257102495081453456435781598997046246,    0.011179229597731402927583520512290878612;
  -0.84059495347591975502241648769875059251,   -0.082257102495081453456435781598997046246,      -0.994890841533917338064711949103255315,    0.011179229597731402927583520512290878612;
 -0.082257102495081453456435781598997046246,    -0.84059495347591975502241648769875059251,   -0.082257102495081453456435781598997046246,    0.011179229597731402927583520512290878612;
 -0.082257102495081453456435781598997046246,   -0.082257102495081453456435781598997046246,    -0.84059495347591975502241648769875059251,    0.011179229597731402927583520512290878612;
 -0.082257102495081453456435781598997046246,      -0.994890841533917338064711949103255315,    -0.84059495347591975502241648769875059251,    0.011179229597731402927583520512290878612;
  -0.84059495347591975502241648769875059251,   -0.082257102495081453456435781598997046246,   -0.082257102495081453456435781598997046246,    0.011179229597731402927583520512290878612;
    -0.994890841533917338064711949103255315,    -0.84059495347591975502241648769875059251,   -0.082257102495081453456435781598997046246,    0.011179229597731402927583520512290878612;
