function [xi,w]=tenthOrderTetrahedronCubPoints()
%%TENTHORDERTETRAHEDRONCUBPOINTS Obtain tenth-order cubature points for
%   integration over a tetrahedron in 3D. The points and weights are for
%   the tetrahedron with vertices (1,0,0), (0,1,0), (0,0,1), and (0,0,0),
%   but can be transformed to any tetrahedron using
%   transformSimplexTetrahedronPts.
%
%INPUTS: None
%
%OUTPUTS: xi This is a 3XnumCubPoints set of points for the standard
%            tetrahedron.
%          w A 1XnumCubPoints set of cubature weights. This sums to the
%            volume of the standard tetrahedron (1/6).
%
%This function implements the points given in [1] (81 points).
%
%EXAMPLE:
%Given the vertices of the simplex, we compare a tenth-order moment
%computed using these cubature points to one computed using
%monomialIntSimplex. The results are the same within typical finite
%precision limits.
% [xi,w]=tenthOrderTetrahedronCubPoints();
% alpha=[5;3;2];
% theMoment=findMomentFromSamp(alpha,xi,w);
% intVal=monomialIntSimplex(alpha);
% RelErr=(theMoment-intVal)/intVal
%
%REFERENCES:
%[1] F. D. Witherden and P. E. Vincent, "On the identification of symmetric
%    quadrature rules for finite element methods," Computer and Mathematics
%    with Applications, vol. 69, no. 10, pp. 1232-1241, May 2015.
%
%October 2022 David F. Crouse, Naval Research Laboratory, Washington D.C.
%(UNCLASSIFIED) DISTRIBUTION STATEMENT A. Approved for public release.

M=[                                    -0.5,                                         -0.5,                                         -0.5,    0.063199698074694317846318428237401466134;
   -0.3754998626096227045403833626263450896,     -0.3754998626096227045403833626263450896,    -0.87350041217113188637884991212096473119,    0.035916079989691599737018881339842778615;
   -0.3754998626096227045403833626263450896,    -0.87350041217113188637884991212096473119,     -0.3754998626096227045403833626263450896,    0.035916079989691599737018881339842778615;
  -0.87350041217113188637884991212096473119,     -0.3754998626096227045403833626263450896,     -0.3754998626096227045403833626263450896,    0.035916079989691599737018881339842778615;
   -0.3754998626096227045403833626263450896,     -0.3754998626096227045403833626263450896,     -0.3754998626096227045403833626263450896,    0.035916079989691599737018881339842778615;
  -0.77138069228530769882525760469269910942,    -0.77138069228530769882525760469269910942,     0.31414207685592309647577281407809732827,    0.013158879622391177646076980573564101693;
  -0.77138069228530769882525760469269910942,     0.31414207685592309647577281407809732827,    -0.77138069228530769882525760469269910942,    0.013158879622391177646076980573564101693;
   0.31414207685592309647577281407809732827,    -0.77138069228530769882525760469269910942,    -0.77138069228530769882525760469269910942,    0.013158879622391177646076980573564101693;
  -0.77138069228530769882525760469269910942,    -0.77138069228530769882525760469269910942,    -0.77138069228530769882525760469269910942,    0.013158879622391177646076980573564101693;
  -0.66902794876077789679101975111094717095,    -0.17913852156206901142420431149697662502,    -0.97269500811508408036057162589509957901,    0.015191841626926975498161246507619114195;
  -0.66902794876077789679101975111094717095,    -0.17913852156206901142420431149697662502,    -0.17913852156206901142420431149697662502,    0.015191841626926975498161246507619114195;
  -0.17913852156206901142420431149697662502,    -0.17913852156206901142420431149697662502,    -0.66902794876077789679101975111094717095,    0.015191841626926975498161246507619114195;
  -0.97269500811508408036057162589509957901,    -0.66902794876077789679101975111094717095,    -0.17913852156206901142420431149697662502,    0.015191841626926975498161246507619114195;
  -0.17913852156206901142420431149697662502,    -0.97269500811508408036057162589509957901,    -0.66902794876077789679101975111094717095,    0.015191841626926975498161246507619114195;
  -0.17913852156206901142420431149697662502,    -0.66902794876077789679101975111094717095,    -0.17913852156206901142420431149697662502,    0.015191841626926975498161246507619114195;
  -0.97269500811508408036057162589509957901,    -0.17913852156206901142420431149697662502,    -0.66902794876077789679101975111094717095,    0.015191841626926975498161246507619114195;
  -0.17913852156206901142420431149697662502,    -0.97269500811508408036057162589509957901,    -0.17913852156206901142420431149697662502,    0.015191841626926975498161246507619114195;
  -0.17913852156206901142420431149697662502,    -0.17913852156206901142420431149697662502,    -0.97269500811508408036057162589509957901,    0.015191841626926975498161246507619114195;
  -0.17913852156206901142420431149697662502,    -0.66902794876077789679101975111094717095,    -0.97269500811508408036057162589509957901,    0.015191841626926975498161246507619114195;
  -0.97269500811508408036057162589509957901,    -0.17913852156206901142420431149697662502,    -0.17913852156206901142420431149697662502,    0.015191841626926975498161246507619114195;
  -0.66902794876077789679101975111094717095,    -0.97269500811508408036057162589509957901,    -0.17913852156206901142420431149697662502,    0.015191841626926975498161246507619114195;
    0.8859775346904097323952611738365015259,    -0.98772398235041850430481257350316929785,     -0.9105295699895727237856360268301629302,  0.00048259245911900483231983784641134908616;
    0.8859775346904097323952611738365015259,    -0.98772398235041850430481257350316929785,    -0.98772398235041850430481257350316929785,  0.00048259245911900483231983784641134908616;
  -0.98772398235041850430481257350316929785,    -0.98772398235041850430481257350316929785,      0.8859775346904097323952611738365015259,  0.00048259245911900483231983784641134908616;
   -0.9105295699895727237856360268301629302,      0.8859775346904097323952611738365015259,    -0.98772398235041850430481257350316929785,  0.00048259245911900483231983784641134908616;
  -0.98772398235041850430481257350316929785,     -0.9105295699895727237856360268301629302,      0.8859775346904097323952611738365015259,  0.00048259245911900483231983784641134908616;
  -0.98772398235041850430481257350316929785,      0.8859775346904097323952611738365015259,    -0.98772398235041850430481257350316929785,  0.00048259245911900483231983784641134908616;
   -0.9105295699895727237856360268301629302,    -0.98772398235041850430481257350316929785,      0.8859775346904097323952611738365015259,  0.00048259245911900483231983784641134908616;
  -0.98772398235041850430481257350316929785,     -0.9105295699895727237856360268301629302,    -0.98772398235041850430481257350316929785,  0.00048259245911900483231983784641134908616;
  -0.98772398235041850430481257350316929785,    -0.98772398235041850430481257350316929785,     -0.9105295699895727237856360268301629302,  0.00048259245911900483231983784641134908616;
  -0.98772398235041850430481257350316929785,      0.8859775346904097323952611738365015259,     -0.9105295699895727237856360268301629302,  0.00048259245911900483231983784641134908616;
   -0.9105295699895727237856360268301629302,    -0.98772398235041850430481257350316929785,    -0.98772398235041850430481257350316929785,  0.00048259245911900483231983784641134908616;
    0.8859775346904097323952611738365015259,     -0.9105295699895727237856360268301629302,    -0.98772398235041850430481257350316929785,  0.00048259245911900483231983784641134908616;
 -0.045619240191439298911787183406185558751,    -0.75789963770882114801220999680989894474,    -0.43858148439091840506379282297401655176,    0.034319642640608095038714683012872940214;
 -0.045619240191439298911787183406185558751,    -0.75789963770882114801220999680989894474,    -0.75789963770882114801220999680989894474,    0.034319642640608095038714683012872940214;
