function [xi,w]=eleventhOrder3DCubPoints()
%%ELEVENTHORDER3DCUBPOINTS Generate eleventh-order cubature points
%               for integration over a 3-dimensional cube with vertices of 
%               (1,-1,-1), (-1,-1,-1), (-1,1,-1), (1,1,-1), (1,-1,1),
%               (-1,-1,1), (-1,1,1), and (1,1,1).
%
%INPUTS: None
%
%OUTPUTS: xi This is a 3XnumCubPoints set of points for the standard
%            cube.
%          w A 1XnumCubPoints set of cubature weights. This sums to the
%            volume of the standard cube (8).
%
%This function implements the points given in [1] (90 points).
%
%EXAMPLE:
%We compare a 10th-order moment computed using these cubature points
%to one computed using monomialIntCube (an 11th order moment would have
%just been 0). The results are the same within typical finite precision
%limits.
% [xi,w]=eleventhOrder3DCubPoints();
% alpha=[4;4;2];
% theMoment=findMomentFromSamp(alpha,xi,w);
% intVal=monomialIntCube(alpha);
% RelErr=(theMoment-intVal)/intVal
%
%REFERENCES:
%[1] F. D. Witherden and P. E. Vincent, "On the identification of symmetric
%    quadrature rules for finite element methods," Computer and Mathematics
%    with Applications, vol. 69, no. 10, pp. 1232-1241, May 2015.
%
%October 2022 David F. Crouse, Naval Research Laboratory, Washington D.C.
%(UNCLASSIFIED) DISTRIBUTION STATEMENT A. Approved for public release.

M=[-0.81261433409962649639237559737974432611,                                          0,                                          0,    0.2024770736128001905853371309670196589;
                                        0,                                          0,   0.81261433409962649639237559737974432611,    0.2024770736128001905853371309670196589;
                                        0,   0.81261433409962649639237559737974432611,                                          0,    0.2024770736128001905853371309670196589;
                                        0,                                          0,  -0.81261433409962649639237559737974432611,    0.2024770736128001905853371309670196589;
 0.81261433409962649639237559737974432611,                                          0,                                          0,    0.2024770736128001905853371309670196589;
                                        0,  -0.81261433409962649639237559737974432611,                                          0,    0.2024770736128001905853371309670196589;
 0.60167526419826270163441300578531749659,  -0.60167526419826270163441300578531749659,  -0.60167526419826270163441300578531749659,   0.11753834795645628038993180401068212711;
-0.60167526419826270163441300578531749659,   0.60167526419826270163441300578531749659,   0.60167526419826270163441300578531749659,   0.11753834795645628038993180401068212711;
-0.60167526419826270163441300578531749659,   0.60167526419826270163441300578531749659,  -0.60167526419826270163441300578531749659,   0.11753834795645628038993180401068212711;
-0.60167526419826270163441300578531749659,  -0.60167526419826270163441300578531749659,  -0.60167526419826270163441300578531749659,   0.11753834795645628038993180401068212711;
-0.60167526419826270163441300578531749659,  -0.60167526419826270163441300578531749659,   0.60167526419826270163441300578531749659,   0.11753834795645628038993180401068212711;
 0.60167526419826270163441300578531749659,   0.60167526419826270163441300578531749659,  -0.60167526419826270163441300578531749659,   0.11753834795645628038993180401068212711;
 0.60167526419826270163441300578531749659,   0.60167526419826270163441300578531749659,   0.60167526419826270163441300578531749659,   0.11753834795645628038993180401068212711;
 0.60167526419826270163441300578531749659,  -0.60167526419826270163441300578531749659,   0.60167526419826270163441300578531749659,   0.11753834795645628038993180401068212711;
 0.85545576101775998467509147069034657598,  -0.85545576101775998467509147069034657598,  -0.85545576101775998467509147069034657598,  0.044643912078829241641001154282130043664;
-0.85545576101775998467509147069034657598,   0.85545576101775998467509147069034657598,   0.85545576101775998467509147069034657598,  0.044643912078829241641001154282130043664;
-0.85545576101775998467509147069034657598,   0.85545576101775998467509147069034657598,  -0.85545576101775998467509147069034657598,  0.044643912078829241641001154282130043664;
-0.85545576101775998467509147069034657598,  -0.85545576101775998467509147069034657598,  -0.85545576101775998467509147069034657598,  0.044643912078829241641001154282130043664;
-0.85545576101775998467509147069034657598,  -0.85545576101775998467509147069034657598,   0.85545576101775998467509147069034657598,  0.044643912078829241641001154282130043664;
 0.85545576101775998467509147069034657598,   0.85545576101775998467509147069034657598,  -0.85545576101775998467509147069034657598,  0.044643912078829241641001154282130043664;
 0.85545576101775998467509147069034657598,   0.85545576101775998467509147069034657598,   0.85545576101775998467509147069034657598,  0.044643912078829241641001154282130043664;
 0.85545576101775998467509147069034657598,  -0.85545576101775998467509147069034657598,   0.85545576101775998467509147069034657598,  0.044643912078829241641001154282130043664;
 0.31339340451605472104577323055795129941,  -0.31339340451605472104577323055795129941,  -0.31339340451605472104577323055795129941,   0.21599204525496912931346666638444131361;
-0.31339340451605472104577323055795129941,   0.31339340451605472104577323055795129941,   0.31339340451605472104577323055795129941,   0.21599204525496912931346666638444131361;
-0.31339340451605472104577323055795129941,   0.31339340451605472104577323055795129941,  -0.31339340451605472104577323055795129941,   0.21599204525496912931346666638444131361;
-0.31339340451605472104577323055795129941,  -0.31339340451605472104577323055795129941,  -0.31339340451605472104577323055795129941,   0.21599204525496912931346666638444131361;
-0.31339340451605472104577323055795129941,  -0.31339340451605472104577323055795129941,   0.31339340451605472104577323055795129941,   0.21599204525496912931346666638444131361;
 0.31339340451605472104577323055795129941,   0.31339340451605472104577323055795129941,  -0.31339340451605472104577323055795129941,   0.21599204525496912931346666638444131361;
 0.31339340451605472104577323055795129941,   0.31339340451605472104577323055795129941,   0.31339340451605472104577323055795129941,   0.21599204525496912931346666638444131361;
 0.31339340451605472104577323055795129941,  -0.31339340451605472104577323055795129941,   0.31339340451605472104577323055795129941,   0.21599204525496912931346666638444131361;
-0.73466828699700801734638476986754918792,  -0.73466828699700801734638476986754918792,                                          0,   0.14519934586011569829250580079425982305;
 0.73466828699700801734638476986754918792,                                          0,  -0.73466828699700801734638476986754918792,   0.14519934586011569829250580079425982305;
                                        0,   0.73466828699700801734638476986754918792,  -0.73466828699700801734638476986754918792,   0.14519934586011569829250580079425982305;
 0.73466828699700801734638476986754918792,   0.73466828699700801734638476986754918792,                                          0,   0.14519934586011569829250580079425982305;
 0.73466828699700801734638476986754918792,                                          0,   0.73466828699700801734638476986754918792,   0.14519934586011569829250580079425982305;
                                        0,  -0.73466828699700801734638476986754918792,   0.73466828699700801734638476986754918792,   0.14519934586011569829250580079425982305;
                                        0,  -0.73466828699700801734638476986754918792,  -0.73466828699700801734638476986754918792,   0.14519934586011569829250580079425982305;
