function [xi,w]=seventhOrder3DCubPoints()
%%SEVENTHORDER3DCUBPOINTS Generate seventh-order cubature points
%               for integration over a 3-dimensional cube with vertices of 
%               (1,-1,-1), (-1,-1,-1), (-1,1,-1), (1,1,-1), (1,-1,1),
%               (-1,-1,1), (-1,1,1), and (1,1,1).
%
%INPUTS: None
%
%OUTPUTS: xi This is a 3XnumCubPoints set of points for the standard
%            cube.
%          w A 1XnumCubPoints set of cubature weights. This sums to the
%            volume of the standard cube (8).
%
%This function implements the points given in [1] (34 points).
%
%EXAMPLE:
%We compare an 6th-order moment computed using these cubature points
%to one computed using monomialIntCube (a 7th order moment would have
%just been 0). The results are the same within typical finite precision
%limits.
% [xi,w]=seventhOrder3DCubPoints();
% alpha=[2;2;2];
% theMoment=findMomentFromSamp(alpha,xi,w);
% intVal=monomialIntCube(alpha);
% RelErr=(theMoment-intVal)/intVal
%
%REFERENCES:
%[1] F. D. Witherden and P. E. Vincent, "On the identification of symmetric
%    quadrature rules for finite element methods," Computer and Mathematics
%    with Applications, vol. 69, no. 10, pp. 1232-1241, May 2015.
%
%October 2022 David F. Crouse, Naval Research Laboratory, Washington D.C.
%(UNCLASSIFIED) DISTRIBUTION STATEMENT A. Approved for public release.

M=[-0.98808616118867654860459729594655654482,                                          0                                          0,   0.20012989098356700695575850638756794678;
                                        0,                                          0   0.98808616118867654860459729594655654482,   0.20012989098356700695575850638756794678;
                                        0,   0.98808616118867654860459729594655654482                                          0,   0.20012989098356700695575850638756794678;
                                        0,                                          0  -0.98808616118867654860459729594655654482,   0.20012989098356700695575850638756794678;
 0.98808616118867654860459729594655654482,                                          0                                          0,   0.20012989098356700695575850638756794678;
                                        0,  -0.98808616118867654860459729594655654482                                          0,   0.20012989098356700695575850638756794678;
 0.40795516735831936633080916251520586856,  -0.40795516735831936633080916251520586856  -0.40795516735831936633080916251520586856,   0.45715385606985274296912190785204854361;
-0.40795516735831936633080916251520586856,   0.40795516735831936633080916251520586856   0.40795516735831936633080916251520586856,   0.45715385606985274296912190785204854361;
-0.40795516735831936633080916251520586856,   0.40795516735831936633080916251520586856  -0.40795516735831936633080916251520586856,   0.45715385606985274296912190785204854361;
-0.40795516735831936633080916251520586856,  -0.40795516735831936633080916251520586856  -0.40795516735831936633080916251520586856,   0.45715385606985274296912190785204854361;
-0.40795516735831936633080916251520586856,  -0.40795516735831936633080916251520586856   0.40795516735831936633080916251520586856,   0.45715385606985274296912190785204854361;
 0.40795516735831936633080916251520586856,   0.40795516735831936633080916251520586856  -0.40795516735831936633080916251520586856,   0.45715385606985274296912190785204854361;
 0.40795516735831936633080916251520586856,   0.40795516735831936633080916251520586856   0.40795516735831936633080916251520586856,   0.45715385606985274296912190785204854361;
 0.40795516735831936633080916251520586856,  -0.40795516735831936633080916251520586856   0.40795516735831936633080916251520586856,   0.45715385606985274296912190785204854361;
 0.78110282100411850665136814715928740203,  -0.78110282100411850665136814715928740203  -0.78110282100411850665136814715928740203,   0.15379614006595869408326783499527494637;
-0.78110282100411850665136814715928740203,   0.78110282100411850665136814715928740203   0.78110282100411850665136814715928740203,   0.15379614006595869408326783499527494637;
-0.78110282100411850665136814715928740203,   0.78110282100411850665136814715928740203  -0.78110282100411850665136814715928740203,   0.15379614006595869408326783499527494637;
-0.78110282100411850665136814715928740203,  -0.78110282100411850665136814715928740203  -0.78110282100411850665136814715928740203,   0.15379614006595869408326783499527494637;
-0.78110282100411850665136814715928740203,  -0.78110282100411850665136814715928740203   0.78110282100411850665136814715928740203,   0.15379614006595869408326783499527494637;
 0.78110282100411850665136814715928740203,   0.78110282100411850665136814715928740203  -0.78110282100411850665136814715928740203,   0.15379614006595869408326783499527494637;
 0.78110282100411850665136814715928740203,   0.78110282100411850665136814715928740203   0.78110282100411850665136814715928740203,   0.15379614006595869408326783499527494637;
 0.78110282100411850665136814715928740203,  -0.78110282100411850665136814715928740203   0.78110282100411850665136814715928740203,   0.15379614006595869408326783499527494637;
-0.84805227568403872779622085759407839383,  -0.84805227568403872779622085759407839383                                          0,   0.15930172375100887182052758490800036662;
 0.84805227568403872779622085759407839383,                                          0  -0.84805227568403872779622085759407839383,   0.15930172375100887182052758490800036662;
                                        0,   0.84805227568403872779622085759407839383  -0.84805227568403872779622085759407839383,   0.15930172375100887182052758490800036662;
 0.84805227568403872779622085759407839383,   0.84805227568403872779622085759407839383                                          0,   0.15930172375100887182052758490800036662;
 0.84805227568403872779622085759407839383,                                          0   0.84805227568403872779622085759407839383,   0.15930172375100887182052758490800036662;
                                        0,  -0.84805227568403872779622085759407839383   0.84805227568403872779622085759407839383,   0.15930172375100887182052758490800036662;
                                        0,  -0.84805227568403872779622085759407839383  -0.84805227568403872779622085759407839383,   0.15930172375100887182052758490800036662;
-0.84805227568403872779622085759407839383,                                          0   0.84805227568403872779622085759407839383,   0.15930172375100887182052758490800036662;
-0.84805227568403872779622085759407839383,   0.84805227568403872779622085759407839383                                          0,   0.15930172375100887182052758490800036662;
 0.84805227568403872779622085759407839383,  -0.84805227568403872779622085759407839383                                          0,   0.15930172375100887182052758490800036662;
                                        0,   0.84805227568403872779622085759407839383   0.84805227568403872779622085759407839383,   0.15930172375100887182052758490800036662;
-0.84805227568403872779622085759407839383,                                          0  -0.84805227568403872779622085759407839383,   0.15930172375100887182052758490800036662];

w=M(:,4);
