function [xi,w]=fifthOrderPrismCubPoints()
%%FIFTHORDERPRISMCUBPOINTS Generate fifth-order cubature points for
%  integration over a standard prism in 3D. This is a triangle that has
%  been extruded upward. The vertices are (1,-1,-1), (-1,-1,-1), (-1,1,-1),
%  (1,-1,1), (-1,-1,1), and (-1,1,1).
% 
%INPUTS: None
%
%OUTPUTS: xi This is a 3XnumCubPoints set of points for the standard prism.
%          w A 1XnumCubPoints set of cubature weights. This sums to the
%            volume of the standard prism (4).
%
%This function implements the points given in [1] (16 points).
%
%EXAMPLE:
%We compare a 5th-order moment computed using these cubature points
%to one computed using monomialIntPrism. The results are the same within
%typical finite precision limits.
% [xi,w]=fifthOrderPrismCubPoints();
% alpha=[3;2;0];
% theMoment=findMomentFromSamp(alpha,xi,w);
% intVal=monomialIntPrism(alpha);
% RelErr=(theMoment-intVal)/intVal
%
%REFERENCES:
%[1] F. D. Witherden and P. E. Vincent, "On the identification of symmetric
%    quadrature rules for finite element methods," Computer and Mathematics
%    with Applications, vol. 69, no. 10, pp. 1232-1241, May 2015.
%
%October 2022 David F. Crouse, Naval Research Laboratory, Washington D.C.
%(UNCLASSIFIED) DISTRIBUTION STATEMENT A. Approved for public release.

M=[-0.33333333333333333333333333333333333333,   -0.33333333333333333333333333333333333333,                                           0,    0.71145555593148684996197343022099556338;
-0.025400070899508667767082370124706051859,   -0.94919985820098266446583525975058789628,                                           0,    0.22471006722826685202639587426081419504;
 -0.94919985820098266446583525975058789628,  -0.025400070899508667767082370124706051859,                                           0,    0.22471006722826685202639587426081419504;
-0.025400070899508667767082370124706051859,  -0.025400070899508667767082370124706051859,                                           0,    0.22471006722826685202639587426081419504;
 -0.10880379065925599247444934872713650457,   -0.78239241868148801505110130254572699087,    -0.8710029348654440527292590830738210619,    0.18566142131615813987257487985503458339;
 -0.78239241868148801505110130254572699087,   -0.10880379065925599247444934872713650457,    -0.8710029348654440527292590830738210619,    0.18566142131615813987257487985503458339;
 -0.10880379065925599247444934872713650457,   -0.10880379065925599247444934872713650457,    -0.8710029348654440527292590830738210619,    0.18566142131615813987257487985503458339;
 -0.10880379065925599247444934872713650457,   -0.78239241868148801505110130254572699087,     0.8710029348654440527292590830738210619,    0.18566142131615813987257487985503458339;
 -0.78239241868148801505110130254572699087,   -0.10880379065925599247444934872713650457,     0.8710029348654440527292590830738210619,    0.18566142131615813987257487985503458339;
 -0.10880379065925599247444934872713650457,   -0.10880379065925599247444934872713650457,     0.8710029348654440527292590830738210619,    0.18566142131615813987257487985503458339;
 -0.79828210803458293816870337538129563058,    0.59656421606916587633740675076259126116,   -0.57042698070515927206196786842334325646,    0.25007428574779395912056494464439239186;
  0.59656421606916587633740675076259126116,   -0.79828210803458293816870337538129563058,   -0.57042698070515927206196786842334325646,    0.25007428574779395912056494464439239186;
 -0.79828210803458293816870337538129563058,   -0.79828210803458293816870337538129563058,   -0.57042698070515927206196786842334325646,    0.25007428574779395912056494464439239186;
 -0.79828210803458293816870337538129563058,    0.59656421606916587633740675076259126116,    0.57042698070515927206196786842334325646,    0.25007428574779395912056494464439239186;
  0.59656421606916587633740675076259126116,   -0.79828210803458293816870337538129563058,    0.57042698070515927206196786842334325646,    0.25007428574779395912056494464439239186;
 -0.79828210803458293816870337538129563058,   -0.79828210803458293816870337538129563058,    0.57042698070515927206196786842334325646,    0.25007428574779395912056494464439239186];

w=M(:,4);
xi=M(:,1:3)';

end

%LICENSE:
%
%The source code is in the public domain and not licensed or under
%copyright. The information and software may be used freely by the public.
%As required by 17 U.S.C. 403, third parties producing copyrighted works
%consisting predominantly of the material produced by U.S. government
%agencies must provide notice with such work(s) identifying the U.S.
%Government material incorporated and stating that such material is not
%subject to copyright protection.
%
%Derived works shall not identify themselves in a manner that implies an
%endorsement by or an affiliation with the Naval Research Laboratory.
%
%RECIPIENT BEARS ALL RISK RELATING TO QUALITY AND PERFORMANCE OF THE
%SOFTWARE AND ANY RELATED MATERIALS, AND AGREES TO INDEMNIFY THE NAVAL
%RESEARCH LABORATORY FOR ALL THIRD-PARTY CLAIMS RESULTING FROM THE ACTIONS
%OF RECIPIENT IN THE USE OF THE SOFTWARE.
