function [xi,w]=seventhOrderPyramidCubPoints()
%%SEVENTHORDERPYRAMIDCUBPOINTS Generate seventh-order cubature points for
%  integration over a 3-dimensional pyramid with a square base with the
%  peak vertex at (0,0,1) and the base vertices at (1,-1,-1), (-1,-1,-1),
%  (-1,1,-1), and (1,1,-1).
% 
%INPUTS: None
%
%OUTPUTS: xi This is a 3XnumCubPoints set of points for the standard
%            square pyramid.
%          w A 1XnumCubPoints set of cubature weights. This sums to the
%            volume of the standard square pyramid (8/3).
%
%This function implements the points given in [1] (31 points).
%
%EXAMPLE:
%We compare a 7th-order moment computed using these cubature points
%to one computed using monomialIntPyramid. The results are the same within
%typical finite precision limits.
% [xi,w]=seventhOrderPyramidCubPoints();
% alpha=[4;2;1];
% theMoment=findMomentFromSamp(alpha,xi,w);
% intVal=monomialIntPyramid(alpha);
% RelErr=(theMoment-intVal)/intVal
%
%REFERENCES:
%[1] F. D. Witherden and P. E. Vincent, "On the identification of symmetric
%    quadrature rules for finite element methods," Computer and Mathematics
%    with Applications, vol. 69, no. 10, pp. 1232-1241, May 2015.
%
%October 2022 David F. Crouse, Naval Research Laboratory, Washington D.C.
%(UNCLASSIFIED) DISTRIBUTION STATEMENT A. Approved for public release.

M=[                                     0,                                          0,  -0.99990903958359448324157651569821071245,  0.066668205424525275886791453990965274088;
                                        0,                                          0,  -0.21283424648469159495743047454829830674,   0.26808048719971487350508383578016326765;
                                        0,                                          0,   0.67736556563370307561404794332413479832,  0.041885798472046210460725670120584684749;
 0.86409875978771469746212899147839955436,                                          0,  -0.86666666666666666666666666666666666667,  0.071178024781341107871720116618075801749;
                                        0,   0.86409875978771469746212899147839955436,  -0.86666666666666666666666666666666666667,  0.071178024781341107871720116618075801749;
-0.86409875978771469746212899147839955436,                                          0,  -0.86666666666666666666666666666666666667,  0.071178024781341107871720116618075801749;
                                        0,  -0.86409875978771469746212899147839955436,  -0.86666666666666666666666666666666666667,  0.071178024781341107871720116618075801749;
 0.61721339984836764104437785105599968169,                                          0,  -0.33333333333333333333333333333333333333,                                  0.0765625;
                                        0,   0.61721339984836764104437785105599968169,  -0.33333333333333333333333333333333333333,                                  0.0765625;
-0.61721339984836764104437785105599968169,                                          0,  -0.33333333333333333333333333333333333333,                                  0.0765625;
                                        0,  -0.61721339984836764104437785105599968169,  -0.33333333333333333333333333333333333333,                                  0.0765625;
 0.35415238086811614472192282023591880504,   0.35415238086811614472192282023591880504,  -0.74142718092090097274899859132692797362,   0.17589383239993943496133030969806235827;
 0.35415238086811614472192282023591880504,  -0.35415238086811614472192282023591880504,  -0.74142718092090097274899859132692797362,   0.17589383239993943496133030969806235827;
-0.35415238086811614472192282023591880504,   0.35415238086811614472192282023591880504,  -0.74142718092090097274899859132692797362,   0.17589383239993943496133030969806235827;
-0.35415238086811614472192282023591880504,  -0.35415238086811614472192282023591880504,  -0.74142718092090097274899859132692797362,   0.17589383239993943496133030969806235827;
 0.80272585010008780509805139967826527905,   0.80272585010008780509805139967826527905,   -0.8397229396404438938817746892937556123,  0.039429701216628418845191891303832420129;
 0.80272585010008780509805139967826527905,  -0.80272585010008780509805139967826527905,   -0.8397229396404438938817746892937556123,  0.039429701216628418845191891303832420129;
-0.80272585010008780509805139967826527905,   0.80272585010008780509805139967826527905,   -0.8397229396404438938817746892937556123,  0.039429701216628418845191891303832420129;
-0.80272585010008780509805139967826527905,  -0.80272585010008780509805139967826527905,   -0.8397229396404438938817746892937556123,  0.039429701216628418845191891303832420129;
 0.25413534686185723866998548790851960044,   0.25413534686185723866998548790851960044,   0.21103986022119982736889633047207386205,  0.078717625851263666944851563183733367932;
 0.25413534686185723866998548790851960044,  -0.25413534686185723866998548790851960044,   0.21103986022119982736889633047207386205,  0.078717625851263666944851563183733367932;
-0.25413534686185723866998548790851960044,   0.25413534686185723866998548790851960044,   0.21103986022119982736889633047207386205,  0.078717625851263666944851563183733367932;
-0.25413534686185723866998548790851960044,  -0.25413534686185723866998548790851960044,   0.21103986022119982736889633047207386205,  0.078717625851263666944851563183733367932;
 0.61430510772078528251050043488178085003,   0.61430510772078528251050043488178085003,  -0.99999999982048339801908931464259502541,  0.035476919918997616432307229513622918413;
 0.61430510772078528251050043488178085003,  -0.61430510772078528251050043488178085003,  -0.99999999982048339801908931464259502541,  0.035476919918997616432307229513622918413;
-0.61430510772078528251050043488178085003,   0.61430510772078528251050043488178085003,  -0.99999999982048339801908931464259502541,  0.035476919918997616432307229513622918413;
-0.61430510772078528251050043488178085003,  -0.61430510772078528251050043488178085003,  -0.99999999982048339801908931464259502541,  0.035476919918997616432307229513622918413;
 0.52483269825437554768220460074528261831,   0.52483269825437554768220460074528261831,  -0.41891384901080493632836824125506837378,  0.095249439724424831648115316376411493553;
 0.52483269825437554768220460074528261831,  -0.52483269825437554768220460074528261831,  -0.41891384901080493632836824125506837378,  0.095249439724424831648115316376411493553;
-0.52483269825437554768220460074528261831,   0.52483269825437554768220460074528261831,  -0.41891384901080493632836824125506837378,  0.095249439724424831648115316376411493553;
-0.52483269825437554768220460074528261831,  -0.52483269825437554768220460074528261831,  -0.41891384901080493632836824125506837378,  0.095249439724424831648115316376411493553];

w=M(:,4);
xi=M(:,1:3)';

end

%LICENSE:
%
%The source code is in the public domain and not licensed or under
%copyright. The information and software may be used freely by the public.
%As required by 17 U.S.C. 403, third parties producing copyrighted works
%consisting predominantly of the material produced by U.S. government
%agencies must provide notice with such work(s) identifying the U.S.
%Government material incorporated and stating that such material is not
%subject to copyright protection.
%
%Derived works shall not identify themselves in a manner that implies an
%endorsement by or an affiliation with the Naval Research Laboratory.
%
%RECIPIENT BEARS ALL RISK RELATING TO QUALITY AND PERFORMANCE OF THE
%SOFTWARE AND ANY RELATED MATERIALS, AND AGREES TO INDEMNIFY THE NAVAL
%RESEARCH LABORATORY FOR ALL THIRD-PARTY CLAIMS RESULTING FROM THE ACTIONS
%OF RECIPIENT IN THE USE OF THE SOFTWARE.
