function [xi,w]=sixthOrderPyramidCubPoints()
%%SIXTHORDERPYRAMIDCUBPOINTS Generate sixth-order cubature points for
%  integration over a 3-dimensional pyramid with a square base with the
%  peak vertex at (0,0,1) and the base vertices at (1,-1,-1), (-1,-1,-1),
%  (-1,1,-1), and (1,1,-1).
% 
%INPUTS: None
%
%OUTPUTS: xi This is a 3XnumCubPoints set of points for the standard
%            square pyramid.
%          w A 1XnumCubPoints set of cubature weights. This sums to the
%            volume of the standard square pyramid (8/3).
%
%This function implements the points given in [1] (24 points).
%
%EXAMPLE:
%We compare a 6th-order moment computed using these cubature points
%to one computed using monomialIntPyramid. The results are the same within
%typical finite precision limits.
% [xi,w]=sixthOrderPyramidCubPoints();
% alpha=[2;2;2];
% theMoment=findMomentFromSamp(alpha,xi,w);
% intVal=monomialIntPyramid(alpha);
% RelErr=(theMoment-intVal)/intVal
%
%REFERENCES:
%[1] F. D. Witherden and P. E. Vincent, "On the identification of symmetric
%    quadrature rules for finite element methods," Computer and Mathematics
%    with Applications, vol. 69, no. 10, pp. 1232-1241, May 2015.
%
%October 2022 David F. Crouse, Naval Research Laboratory, Washington D.C.
%(UNCLASSIFIED) DISTRIBUTION STATEMENT A. Approved for public release.

M=[                                     0,                                          0,   0.61529159538791884731954955103613269638,  0.067901049767045421348323914977088073991;
                                        0,                                          0,  -0.99647238229436073479434618269377000101,  0.042809368467176804517723726702995063594;
                                        0,                                          0,  -0.72347438707253884945296925394581802655,   0.31887881187339684620076177026181758884;
                                        0,                                          0,  -0.15715217612872593659809486760257994179,   0.27482845386440493216991697942238502071;
 0.83459535111470834854355609376418165506,                                          0,  -0.80510531794907605316224881154681003606,   0.09853490116354529166000184266852321827;
                                        0,   0.83459535111470834854355609376418165506,  -0.80510531794907605316224881154681003606,   0.09853490116354529166000184266852321827;
-0.83459535111470834854355609376418165506,                                          0,  -0.80510531794907605316224881154681003606,   0.09853490116354529166000184266852321827;
                                        0,  -0.83459535111470834854355609376418165506,  -0.80510531794907605316224881154681003606,   0.09853490116354529166000184266852321827;
  0.4339254093766990953588290760534534212,                                          0,   0.13214918124660180928234184789309315759,  0.084233545301795354894729459206933067324;
                                        0,    0.4339254093766990953588290760534534212,   0.13214918124660180928234184789309315759,  0.084233545301795354894729459206933067324;
 -0.4339254093766990953588290760534534212,                                          0,   0.13214918124660180928234184789309315759,  0.084233545301795354894729459206933067324;
                                        0,   -0.4339254093766990953588290760534534212,   0.13214918124660180928234184789309315759,  0.084233545301795354894729459206933067324;
   0.565680854425675497672813848515505886,     0.565680854425675497672813848515505886,  -0.94104453830855858213371584535608020131,  0.099200345038528745418340651788127467643;
   0.565680854425675497672813848515505886,    -0.565680854425675497672813848515505886,  -0.94104453830855858213371584535608020131,  0.099200345038528745418340651788127467643;
  -0.565680854425675497672813848515505886,     0.565680854425675497672813848515505886,  -0.94104453830855858213371584535608020131,  0.099200345038528745418340651788127467643;
  -0.565680854425675497672813848515505886,    -0.565680854425675497672813848515505886,  -0.94104453830855858213371584535608020131,  0.099200345038528745418340651788127467643;
 0.49807909178070594245642503041316019049,   0.49807909178070594245642503041316019049,  -0.47016827357574098280216051103358470857,   0.19701969247180494546144986676345270691;
 0.49807909178070594245642503041316019049,  -0.49807909178070594245642503041316019049,  -0.47016827357574098280216051103358470857,   0.19701969247180494546144986676345270691;
-0.49807909178070594245642503041316019049,   0.49807909178070594245642503041316019049,  -0.47016827357574098280216051103358470857,   0.19701969247180494546144986676345270691;
-0.49807909178070594245642503041316019049,  -0.49807909178070594245642503041316019049,  -0.47016827357574098280216051103358470857,   0.19701969247180494546144986676345270691;
 0.95089948721448243656573347456644144515,   0.95089948721448243656573347456644144515,  -0.90350185873612803037779492533363294921,  0.011573761697986328172963248398558769736;
 0.95089948721448243656573347456644144515,  -0.95089948721448243656573347456644144515,  -0.90350185873612803037779492533363294921,  0.011573761697986328172963248398558769736;
-0.95089948721448243656573347456644144515,   0.95089948721448243656573347456644144515,  -0.90350185873612803037779492533363294921,  0.011573761697986328172963248398558769736;
-0.95089948721448243656573347456644144515,  -0.95089948721448243656573347456644144515,  -0.90350185873612803037779492533363294921,  0.011573761697986328172963248398558769736];

w=M(:,4);
xi=M(:,1:3)';

end

%LICENSE:
%
%The source code is in the public domain and not licensed or under
%copyright. The information and software may be used freely by the public.
%As required by 17 U.S.C. 403, third parties producing copyrighted works
%consisting predominantly of the material produced by U.S. government
%agencies must provide notice with such work(s) identifying the U.S.
%Government material incorporated and stating that such material is not
%subject to copyright protection.
%
%Derived works shall not identify themselves in a manner that implies an
%endorsement by or an affiliation with the Naval Research Laboratory.
%
%RECIPIENT BEARS ALL RISK RELATING TO QUALITY AND PERFORMANCE OF THE
%SOFTWARE AND ANY RELATED MATERIALS, AND AGREES TO INDEMNIFY THE NAVAL
%RESEARCH LABORATORY FOR ALL THIRD-PARTY CLAIMS RESULTING FROM THE ACTIONS
%OF RECIPIENT IN THE USE OF THE SOFTWARE.
